hand,22o,32o,32s,33o,42o,42s,43o,43s,44o,52o,52s,53o,53s,54o,54s,55o,62o,62s,63o,63s,64o,64s,65o,65s,66o,72o,72s,73o,73s,74o,74s,75o,75s,76o,76s,77o,82o,82s,83o,83s,84o,84s,85o,85s,86o,86s,87o,87s,88o,92o,92s,93o,93s,94o,94s,95o,95s,96o,96s,97o,97s,98o,98s,99o,A2o,A2s,A3o,A3s,A4o,A4s,A5o,A5s,A6o,A6s,A7o,A7s,A8o,A8s,A9o,A9s,AAo,AJo,AJs,AKo,AKs,AQo,AQs,ATo,ATs,J2o,J2s,J3o,J3s,J4o,J4s,J5o,J5s,J6o,J6s,J7o,J7s,J8o,J8s,J9o,J9s,JJo,JTo,JTs,K2o,K2s,K3o,K3s,K4o,K4s,K5o,K5s,K6o,K6s,K7o,K7s,K8o,K8s,K9o,K9s,KJo,KJs,KKo,KQo,KQs,KTo,KTs,Q2o,Q2s,Q3o,Q3s,Q4o,Q4s,Q5o,Q5s,Q6o,Q6s,Q7o,Q7s,Q8o,Q8s,Q9o,Q9s,QJo,QJs,QQo,QTo,QTs,T2o,T2s,T3o,T3s,T4o,T4s,T5o,T5s,T6o,T6s,T7o,T7s,T8o,T8s,T9o,T9s,TTo
22o,1.0000001,0.5702862,0.60921013,0.98471105,0.55247056,0.5998777,0.5664642,0.65996456,0.9159595,0.45125735,0.53796244,0.5399919,0.6412134,0.59067905,0.68962705,0.8465336,0.32435322,0.36468676,0.34085074,0.4857578,0.45226532,0.5759206,0.5341606,0.62216794,0.6305267,0.14052716,0.19840287,0.18885419,0.2443122,0.21275285,0.42225486,0.23347259,0.3647112,0.34634316,0.5222222,0.48658025,0.0007992983,0.053585455,-0.02046214,0.05998464,-0.023331642,0.021258965,-0.060017347,0.01892788,-0.08687188,0.13728176,-0.024461776,0.25693765,0.3283957,-0.17545983,-0.13179223,-0.19799545,-0.16713686,-0.20044501,-0.19899362,-0.25230932,-0.24268888,-0.34381878,-0.3079776,-0.40101892,-0.2766141,-0.3614839,-0.24499717,0.099069156,0.4573332,0.33956435,0.48448265,0.36401236,0.47893405,0.32873404,0.50401336,0.34670237,0.501702,0.31914324,0.52146465,0.33613536,0.5217371,0.35310194,0.5193678,0.33476213,0.27860373,0.42757106,0.36060685,0.54253954,0.49933028,0.4965474,0.3976732,0.4426978,0.3039398,-0.46928483,-0.43656185,-0.49849662,-0.49451783,-0.5492127,-0.53969187,-0.5592495,-0.6127285,-0.5797583,-0.6259819,-0.5762112,-0.60227954,-0.57984006,-0.6310253,-0.5155874,-0.5724406,-0.1414994,-0.46334267,-0.57724667,-0.35016182,-0.40087926,-0.3693102,-0.4407984,-0.40376717,-0.46554536,-0.445938,-0.45364058,-0.45659122,-0.4814853,-0.43908906,-0.51208425,-0.4049058,-0.5047873,-0.27953577,-0.4671446,-0.10730964,-0.35233027,-0.10851219,-0.08546691,-0.29343206,-0.15310156,-0.4267765,-0.46428165,-0.4704416,-0.50630546,-0.5497838,-0.54867226,-0.593972,-0.6333693,-0.66565925,-0.70802546,-0.7188803,-0.7466396,-0.76067847,-0.76694584,-0.7730856,-0.7377811,-0.7508821,-0.6202552,-0.6528765,-0.22070898,-0.6819775,-0.69621027,-0.3835289,-0.35452446,-0.4115291,-0.41759065,-0.4330755,-0.48293108,-0.4867556,-0.5194931,-0.5236584,-0.5722392,-0.6193165,-0.5972823,-0.56997174,-0.5444252,-0.51575273,-0.4552238,-0.00032247603
32o,0.5702862,1.0000001,0.99057114,0.4466259,0.99742556,0.99136245,0.9948064,0.9836745,0.2513557,0.9726029,0.98832864,0.98289555,0.9746052,0.9737779,0.94627476,0.12762217,0.90324736,0.90568113,0.9150261,0.9618118,0.92864656,0.93613434,0.9133404,0.9047531,-0.13215686,0.77322185,0.77001524,0.80245316,0.80849594,0.7987572,0.8914175,0.73435056,0.7873421,0.71880126,0.7682791,-0.23991567,0.626956,0.603082,0.61018944,0.61835873,0.563799,0.5924642,0.457739,0.48062307,0.36970758,0.5346768,0.3138891,0.46060288,-0.34257853,0.3615619,0.29894668,0.33195615,0.29728538,0.3389495,0.23953368,0.20743379,0.14902255,0.03505022,0.08659625,-0.13576344,-0.052067697,-0.2059211,-0.1977117,-0.4576438,0.21121714,0.11861302,0.19391046,0.09748765,0.13866821,0.033284105,0.08103667,-0.05121865,0.058875006,-0.09909699,0.018047735,-0.14951126,-0.023753956,-0.17074834,-0.041992042,-0.22914228,-0.33247048,-0.06079163,-0.16371402,0.14009199,0.08720666,0.041605942,-0.06538702,-0.08037001,-0.2329597,-0.34511286,-0.3724798,-0.398372,-0.43056616,-0.5182593,-0.48928955,-0.5321984,-0.5878,-0.61907685,-0.64873886,-0.74367,-0.73775893,-0.80274796,-0.79596007,-0.818167,-0.8055701,-0.5824215,-0.776435,-0.69724405,-0.14228454,-0.22398737,-0.17816252,-0.2803819,-0.23385045,-0.32104364,-0.29627013,-0.32149997,-0.34224528,-0.38555804,-0.3807782,-0.46860093,-0.43776745,-0.54700494,-0.45497268,-0.5845182,-0.32417443,-0.5069883,-0.48122853,-0.19978808,-0.36281875,-0.36790547,-0.59549916,-0.3714834,-0.40213695,-0.41948232,-0.4823939,-0.45953107,-0.52632755,-0.54381406,-0.59765124,-0.6255758,-0.6445923,-0.69117683,-0.6955016,-0.75042456,-0.7667705,-0.7710248,-0.77380097,-0.74302447,-0.7730417,-0.6666225,-0.7509765,-0.7810705,-0.04179281,-0.056659967,-0.09164464,-0.12128106,-0.122548535,-0.24807028,-0.24753943,-0.2686653,-0.38787076,-0.3694172,-0.57473534,-0.53255296,-0.61928284,-0.67620325,-0.65685105,-0.6182076,-0.5158576
32s,0.60921013,0.99057114,1.0000001,0.48455626,0.9849298,0.9946019,0.9765513,0.99096215,0.2870593,0.9494461,0.9814402,0.95951176,0.9737334,0.94884545,0.9474983,0.16301906,0.8716372,0.8949626,0.874477,0.94096905,0.8861052,0.9168389,0.8707564,0.89002275,-0.1025698,0.7295978,0.751086,0.7535516,0.7850522,0.7367921,0.86146975,0.6608863,0.7455517,0.6469019,0.7311171,-0.21654594,0.5735768,0.57403827,0.54795676,0.5868223,0.49110442,0.54534394,0.3720138,0.41773817,0.2738589,0.46871597,0.2207569,0.402911,-0.3347744,0.30539384,0.27396294,0.26613992,0.25765723,0.26500183,0.19830866,0.11965234,0.093823105,-0.05505698,0.009959064,-0.22519001,-0.13121705,-0.29223028,-0.2668841,-0.46736467,0.25923598,0.16683215,0.24147698,0.14270589,0.18518929,0.072126426,0.12632255,-0.015158333,0.102761716,-0.064256325,0.057182588,-0.122670665,0.011920521,-0.14394651,-0.0069980565,-0.2029871,-0.3195182,-0.024626382,-0.13286957,0.17084834,0.11392596,0.07982388,-0.030059159,-0.044877533,-0.20672157,-0.35876167,-0.36651945,-0.41570345,-0.43160132,-0.5373702,-0.49551016,-0.55545175,-0.6035393,-0.64162105,-0.66030467,-0.7525149,-0.7513999,-0.8023273,-0.8094528,-0.80791044,-0.79838735,-0.5730598,-0.7660837,-0.6979487,-0.08474769,-0.16521558,-0.12158316,-0.22588019,-0.18030742,-0.2719227,-0.2491172,-0.27582115,-0.30324844,-0.3490574,-0.35312277,-0.44906744,-0.42223644,-0.53938395,-0.4467765,-0.58522224,-0.30892792,-0.49863783,-0.5006931,-0.18109784,-0.35389242,-0.3558395,-0.59393394,-0.32567775,-0.35088968,-0.3759246,-0.43670768,-0.4196862,-0.48246834,-0.5108705,-0.5610017,-0.6006695,-0.61410296,-0.67210996,-0.67279255,-0.7367174,-0.7535559,-0.7640389,-0.76058125,-0.7252173,-0.75379205,-0.64722145,-0.7370325,-0.7621118,-0.08581934,-0.077202424,-0.1429255,-0.14520648,-0.18201597,-0.27565852,-0.3095788,-0.30836377,-0.4529076,-0.4212149,-0.63618016,-0.5912756,-0.67284584,-0.7170197,-0.69991803,-0.66109574,-0.5246068
33o,0.98471105,0.4466259,0.48455626,1.0000001,0.43109483,0.4808541,0.45167798,0.5489995,0.97000504,0.32726994,0.41645813,0.43096477,0.5376072,0.49277672,0.6011709,0.9194249,0.1968051,0.2363775,0.22508049,0.37902325,0.35874194,0.4923995,0.4577754,0.5547359,0.7443273,0.01682876,0.07784775,0.073029086,0.13230452,0.11907157,0.33052248,0.17552012,0.31066507,0.31181017,0.49185392,0.61825305,-0.10904968,-0.04687953,-0.12128809,-0.037785232,-0.102503136,-0.049147576,-0.09919064,-0.0070033297,-0.094211645,0.13134234,-0.001256898,0.28455955,0.46945357,-0.2573921,-0.19781111,-0.267134,-0.22006361,-0.26152292,-0.23848297,-0.27495435,-0.2449809,-0.32579833,-0.28447217,-0.34426227,-0.20710482,-0.2738867,-0.13689919,0.24558474,0.42707962,0.31316066,0.46354026,0.3495594,0.47208917,0.32988262,0.51621664,0.3741263,0.52030087,0.3558501,0.556654,0.39310473,0.5688575,0.41743657,0.5693688,0.4073821,0.37455368,0.45888528,0.41130856,0.5418839,0.50621486,0.5094211,0.42253074,0.48388183,0.36820012,-0.48028895,-0.44024634,-0.4955844,-0.48402622,-0.5200585,-0.5176967,-0.52193034,-0.56593925,-0.52135867,-0.56898636,-0.49381867,-0.5091936,-0.48673943,-0.5249623,-0.4103124,-0.46288195,-0.010470487,-0.3487727,-0.48113734,-0.4312939,-0.46459562,-0.44326395,-0.4930614,-0.46545303,-0.50534356,-0.49287474,-0.48738402,-0.4861775,-0.49580806,-0.4467546,-0.49669632,-0.38472217,-0.4610505,-0.232726,-0.40800393,-0.084001824,-0.31262252,-0.020020984,-0.09890871,-0.28935847,-0.12152269,-0.37082475,-0.5049151,-0.5019338,-0.5388949,-0.5676865,-0.5753656,-0.60248953,-0.6465807,-0.6599474,-0.70517385,-0.7029303,-0.72907525,-0.7310884,-0.73353875,-0.7211715,-0.6923142,-0.6974918,-0.5724405,-0.5987941,-0.11728566,-0.63826686,-0.6416341,-0.42431322,-0.3867513,-0.43698883,-0.43665487,-0.44368976,-0.47802898,-0.4679505,-0.4974436,-0.46670565,-0.5178896,-0.53079957,-0.49710065,-0.4561388,-0.4124437,-0.38490307,-0.31497344,0.1469418
42o,0.55247056,0.99742556,0.9849298,0.43109483,1.0,0.990371,0.9968771,0.97913796,0.24011862,0.9816606,0.9922571,0.9912827,0.97455823,0.97906476,0.9419868,0.117858335,0.9180732,0.9182061,0.93237036,0.97398925,0.94557774,0.94568294,0.927069,0.911184,-0.1346247,0.79382473,0.7888334,0.8248202,0.8304894,0.82563096,0.91205347,0.7652958,0.8142365,0.74541193,0.7849971,-0.23739919,0.6531765,0.62871194,0.63897365,0.64595115,0.5976492,0.62726176,0.49985996,0.5222306,0.4112358,0.5712435,0.35413942,0.48998126,-0.33906302,0.39213187,0.32998353,0.3663162,0.3324261,0.37541008,0.278445,0.24924034,0.19398111,0.082786724,0.13506834,-0.09017259,-0.006079469,-0.16372019,-0.15983728,-0.45462483,0.19226919,0.10071123,0.17398065,0.079982996,0.11929316,0.019322842,0.060717337,-0.06556824,0.038546085,-0.11256921,-0.004299827,-0.16569115,-0.048427578,-0.18927339,-0.069708,-0.25257516,-0.36909086,-0.1021909,-0.1991441,0.09607238,0.045684934,-0.0034892038,-0.10859257,-0.11849752,-0.26326093,-0.3350804,-0.36655948,-0.38596526,-0.421638,-0.5043715,-0.47709522,-0.51598513,-0.5719613,-0.6026939,-0.635523,-0.7333348,-0.723017,-0.79888976,-0.7841805,-0.82002616,-0.80367315,-0.59912485,-0.7793349,-0.6975957,-0.15092319,-0.23051289,-0.18664631,-0.2859127,-0.24118751,-0.32497764,-0.30198056,-0.32522595,-0.34715223,-0.3874178,-0.38517016,-0.46686128,-0.44150376,-0.54404795,-0.46502173,-0.58460796,-0.35604507,-0.52515775,-0.5104933,-0.238024,-0.38831592,-0.39458275,-0.60576713,-0.36674345,-0.39512867,-0.41241825,-0.47137964,-0.4503544,-0.5135484,-0.532189,-0.58188456,-0.6117841,-0.62703824,-0.67713284,-0.67650247,-0.7383118,-0.7509608,-0.76530683,-0.7643017,-0.754797,-0.780208,-0.6958554,-0.75568104,-0.78290653,-0.0159062,-0.0300899,-0.06232904,-0.09274492,-0.089119375,-0.21769464,-0.21174423,-0.23220088,-0.3493986,-0.33042726,-0.53978556,-0.49539495,-0.587622,-0.64401335,-0.63398206,-0.5950545,-0.5212168
42s,0.5998777,0.99136245,0.9946019,0.4808541,0.990371,1.0000001,0.9858521,0.9950291,0.2861427,0.95641345,0.98827434,0.976581,0.98915184,0.96896815,0.9623754,0.15763578,0.8750942,0.8944739,0.8894577,0.9623877,0.91510415,0.94955844,0.9046675,0.92288864,-0.10454771,0.7325319,0.7480932,0.7643063,0.795816,0.7639922,0.89424217,0.7095457,0.8021455,0.70069516,0.78529406,-0.21114571,0.578697,0.57220805,0.56089187,0.59225464,0.5169555,0.57671833,0.42053187,0.47868553,0.33598948,0.5405766,0.28910938,0.4755428,-0.3313467,0.30796468,0.26910934,0.27848905,0.26543507,0.28642842,0.21447825,0.15925917,0.13613223,0.0010398701,0.07705918,-0.16630143,-0.056522302,-0.23111792,-0.20191519,-0.4639419,0.2732066,0.18378522,0.25565112,0.16233371,0.20124726,0.09904285,0.1413152,0.011980612,0.11827145,-0.03664172,0.07104797,-0.095270306,0.023098458,-0.12142517,-6.377234e-05,-0.1881049,-0.32746595,-0.03815282,-0.1350536,0.16319081,0.1124863,0.06278467,-0.042966027,-0.054339208,-0.20093644,-0.39736557,-0.41101214,-0.44902208,-0.46837226,-0.5638834,-0.52450275,-0.57778805,-0.62000424,-0.65942025,-0.67917776,-0.7746707,-0.7583588,-0.82986057,-0.8169881,-0.83912766,-0.815813,-0.5852113,-0.7939637,-0.71728885,-0.10741023,-0.183382,-0.14135933,-0.23863402,-0.19407117,-0.2769964,-0.2547267,-0.27537197,-0.29856113,-0.33940524,-0.33618867,-0.42582905,-0.3945278,-0.50810635,-0.4150707,-0.55164135,-0.30439615,-0.48369342,-0.49084055,-0.18585373,-0.34629065,-0.34341982,-0.5713516,-0.37736636,-0.39894336,-0.42261347,-0.47523254,-0.46138036,-0.5155656,-0.5431012,-0.58348906,-0.622646,-0.62797654,-0.68619657,-0.6769345,-0.7433981,-0.74672925,-0.7643852,-0.7567417,-0.7436099,-0.76913744,-0.68077266,-0.7492798,-0.7733592,-0.09833392,-0.094412364,-0.14668718,-0.1566858,-0.17529702,-0.27746558,-0.29500479,-0.2958264,-0.4257307,-0.39053902,-0.6068403,-0.5436542,-0.64324373,-0.6829083,-0.6812618,-0.6312516,-0.52131444
43o,0.5664642,0.9948064,0.9765513,0.45167798,0.9968771,0.9858521,1.0000002,0.9776106,0.2655804,0.97834337,0.98933,0.9952643,0.9775859,0.9901347,0.9487743,0.14339182,0.911986,0.90778613,0.93374383,0.97862744,0.9591931,0.95935297,0.9490235,0.9304006,-0.10541377,0.7864543,0.7774277,0.8238397,0.82667536,0.83669996,0.9241762,0.7931018,0.83897,0.78362954,0.8187741,-0.2046436,0.64710534,0.62026703,0.63885784,0.6407548,0.6079712,0.6378309,0.52423203,0.5524903,0.4499176,0.6103685,0.40216762,0.5380736,-0.3052027,0.3859787,0.32034966,0.3670762,0.33282462,0.38287652,0.28257024,0.271455,0.2154461,0.11361686,0.16821298,-0.05187602,0.0400011,-0.11878612,-0.10943586,-0.41951707,0.18501799,0.09272254,0.16929361,0.075614825,0.11726686,0.01937998,0.062327534,-0.060801793,0.04160609,-0.107432544,0.003687881,-0.1526666,-0.036900602,-0.17564347,-0.05724227,-0.23704375,-0.33157974,-0.09363943,-0.18579379,0.11230363,0.06670487,0.004909914,-0.097945735,-0.108976364,-0.24833702,-0.35447147,-0.38642934,-0.40113366,-0.43641964,-0.5138322,-0.48844936,-0.5225008,-0.57548606,-0.60529107,-0.6389702,-0.7360658,-0.71607864,-0.80213183,-0.77590144,-0.8216181,-0.8020992,-0.5724179,-0.77731186,-0.6974609,-0.2023023,-0.28090298,-0.23600554,-0.33246583,-0.2871853,-0.3670416,-0.34271684,-0.36351168,-0.3800291,-0.41832858,-0.40685186,-0.4850704,-0.45097932,-0.5508998,-0.46014404,-0.581877,-0.35010904,-0.5200085,-0.46604902,-0.23654613,-0.38503787,-0.38774386,-0.59930754,-0.4250707,-0.45355457,-0.46883664,-0.5267659,-0.5048331,-0.5662613,-0.5820838,-0.62948954,-0.65551543,-0.67020345,-0.71454275,-0.7130698,-0.76777464,-0.7745813,-0.78334326,-0.7836173,-0.76953137,-0.7956855,-0.681967,-0.7726148,-0.8008924,-0.027129091,-0.045130983,-0.06722519,-0.103823714,-0.087192416,-0.22166708,-0.20289251,-0.22765364,-0.33077368,-0.31232306,-0.51959527,-0.46553594,-0.5612084,-0.6173082,-0.6084986,-0.5636391,-0.48462963
43s,0.65996456,0.9836745,0.99096215,0.5489995,0.97913796,0.9950291,0.9776106,1.0,0.35916716,0.930317,0.9722391,0.9652158,0.99293554,0.96697664,0.9792234,0.23112495,0.83501303,0.85669076,0.85262156,0.9424648,0.89667857,0.95068514,0.9007929,0.9351895,-0.03354928,0.6770358,0.69488955,0.71384716,0.74850416,0.7194377,0.86815286,0.6803309,0.7886822,0.6906376,0.79935515,-0.14410621,0.5143901,0.5105488,0.49704438,0.53136486,0.4569224,0.5210801,0.36661366,0.43580735,0.29697675,0.52399737,0.26733756,0.4853043,-0.2727039,0.23668584,0.20154478,0.20816523,0.19895104,0.2181489,0.14899956,0.09886874,0.08047344,-0.05368583,0.02714464,-0.20671459,-0.08092845,-0.25320092,-0.20232578,-0.41583434,0.31599402,0.22198862,0.30422872,0.20699422,0.25450104,0.14439906,0.20362934,0.06882554,0.1827634,0.021375362,0.14364706,-0.028061032,0.10113186,-0.04944294,0.080853805,-0.11161514,-0.24143985,0.038584262,-0.057087533,0.23736243,0.18600771,0.13944286,0.033903733,0.02524329,-0.12448903,-0.45175993,-0.4597825,-0.50186586,-0.51724607,-0.6107829,-0.5739565,-0.6241089,-0.66552085,-0.6989176,-0.7196484,-0.7997389,-0.78411126,-0.84412897,-0.8348231,-0.8376299,-0.8125247,-0.5397155,-0.78356135,-0.7202737,-0.14187765,-0.2147609,-0.17429247,-0.2688374,-0.22498687,-0.30427697,-0.28351244,-0.29881236,-0.3211262,-0.35785097,-0.34886774,-0.43640167,-0.39543116,-0.5092807,-0.3959288,-0.5436176,-0.27025342,-0.46471125,-0.43866396,-0.15868454,-0.331869,-0.31257987,-0.55688876,-0.42164904,-0.44216782,-0.4680627,-0.5203094,-0.5082158,-0.5606562,-0.59123933,-0.62849057,-0.66965973,-0.672684,-0.72957087,-0.71906316,-0.78030574,-0.7779948,-0.7901549,-0.78154993,-0.74947184,-0.77701163,-0.6366769,-0.76530147,-0.7872511,-0.16704172,-0.1608387,-0.2140682,-0.2234261,-0.24096897,-0.34031284,-0.35490042,-0.35611412,-0.47450054,-0.44141158,-0.64498675,-0.576671,-0.6638061,-0.69322276,-0.68457925,-0.6245781,-0.4713762
44o,0.9159595,0.2513557,0.2870593,0.97000504,0.24011862,0.2861427,0.2655804,0.35916716,1.0000002,0.14542417,0.22748938,0.25201514,0.35216308,0.3202429,0.42912835,0.9857369,0.02462095,0.061996907,0.061226666,0.20682785,0.20342588,0.32946098,0.31207442,0.4062359,0.8794525,-0.13561563,-0.06864737,-0.07583748,-0.016338125,-0.010331631,0.17878497,0.0738311,0.19025071,0.22526862,0.38757697,0.780049,-0.23247606,-0.1543853,-0.23549178,-0.147536,-0.19323157,-0.13807459,-0.14647293,-0.060952447,-0.115324505,0.080945104,0.0058593303,0.2644214,0.65765977,-0.32695973,-0.24475798,-0.3229599,-0.2544858,-0.31262654,-0.26052308,-0.28291047,-0.23431362,-0.2866129,-0.25344282,-0.25718045,-0.12718919,-0.15316892,-0.008540342,0.45176652,0.3391099,0.23178333,0.38540584,0.28029433,0.41140115,0.28141847,0.4799657,0.35904226,0.4922895,0.35511306,0.5491265,0.41640922,0.5765791,0.45119786,0.58043826,0.45382985,0.45458597,0.45272854,0.42810684,0.4799468,0.45328373,0.47516602,0.40319186,0.4896396,0.40455148,-0.42807984,-0.3805898,-0.42623407,-0.40678096,-0.4192041,-0.42640403,-0.4101166,-0.44561934,-0.3836289,-0.4345801,-0.32592475,-0.33637798,-0.30703315,-0.33665448,-0.22323781,-0.28663304,0.1648157,-0.15847048,-0.31937093,-0.51711065,-0.52815384,-0.5204537,-0.5421167,-0.5279688,-0.5408119,-0.5376305,-0.5196766,-0.5131991,-0.50545824,-0.45294496,-0.4724967,-0.36102322,-0.40372157,-0.18745293,-0.336443,-0.07657504,-0.27670246,0.06362694,-0.1397129,-0.3018574,-0.10203105,-0.30768448,-0.500342,-0.48753312,-0.5241688,-0.53577614,-0.55304277,-0.5602324,-0.6074852,-0.60187966,-0.64726645,-0.6337149,-0.6549752,-0.6476856,-0.6429055,-0.6175252,-0.59437895,-0.5959585,-0.47706014,-0.49692404,0.029667512,-0.54403216,-0.5374044,-0.42134768,-0.37297872,-0.41609326,-0.40606496,-0.4072417,-0.41967902,-0.39531478,-0.42326263,-0.35101524,-0.41098928,-0.37374583,-0.34152108,-0.27341163,-0.21572977,-0.18340948,-0.115284964,0.34645066
52o,0.45125735,0.9726029,0.9494461,0.32726994,0.9816606,0.95641345,0.97834337,0.930317,0.14542417,1.0,0.9860977,0.9783169,0.9257885,0.9537549,0.872412,0.035606496,0.9733062,0.9662345,0.9816711,0.9799955,0.96080387,0.9102332,0.9185259,0.8639436,-0.19093871,0.88899475,0.880646,0.912305,0.9088151,0.9068701,0.9415837,0.82485396,0.822024,0.77371323,0.7486415,-0.27934188,0.7773191,0.75380254,0.76605105,0.76760256,0.7271254,0.74315596,0.62675333,0.6156649,0.51676464,0.6109059,0.43424433,0.48898363,-0.35933077,0.54947865,0.48590064,0.52673984,0.49261415,0.5338314,0.4382068,0.40624183,0.3420234,0.23345768,0.26135296,0.04700318,0.08940334,-0.055544563,-0.095277436,-0.45386532,0.06722991,-0.016699187,0.041067347,-0.04694868,-0.0173596,-0.10209466,-0.08696047,-0.2022433,-0.111461736,-0.24988483,-0.16365866,-0.31255728,-0.21318075,-0.3419585,-0.2398676,-0.41122016,-0.4935733,-0.2762061,-0.3685645,-0.07393035,-0.11607073,-0.1797179,-0.2811464,-0.29354733,-0.42644966,-0.18319353,-0.224521,-0.23136847,-0.2737987,-0.35418552,-0.326661,-0.36338085,-0.42262122,-0.4581846,-0.4945054,-0.6152729,-0.60023165,-0.7044927,-0.67904484,-0.7531241,-0.7499423,-0.6135205,-0.73349047,-0.64363295,-0.14469579,-0.23022048,-0.18205693,-0.2858224,-0.2391214,-0.32975268,-0.3018844,-0.33778715,-0.35715207,-0.4056691,-0.4105361,-0.49148238,-0.48148686,-0.5757462,-0.5386181,-0.62654805,-0.46496934,-0.5927417,-0.57283,-0.3402409,-0.45476335,-0.49604678,-0.657575,-0.30274767,-0.33350086,-0.34496662,-0.4052753,-0.37960163,-0.44634098,-0.45851338,-0.51380444,-0.53822225,-0.5597287,-0.60872287,-0.6119708,-0.6812085,-0.7037112,-0.73045903,-0.728347,-0.75866973,-0.7738172,-0.7306042,-0.7402253,-0.76489747,0.15706316,0.1378232,0.11445655,0.080145106,0.08965863,-0.045552768,-0.03484768,-0.06090425,-0.18495175,-0.17019594,-0.39630657,-0.3715612,-0.46852642,-0.54944557,-0.5484139,-0.53519416,-0.53133416
52s,0.53796244,0.98832864,0.9814402,0.41645813,0.9922571,0.98827434,0.98933,0.9722391,0.22748938,0.9860977,1.0,0.9840057,0.9668095,0.968091,0.92317677,0.10709218,0.9321573,0.9459165,0.94319534,0.985064,0.94614214,0.939932,0.91922915,0.90406585,-0.13916649,0.81721014,0.8320465,0.8456981,0.8719994,0.84293425,0.9376222,0.77437717,0.8266938,0.74442476,0.7762834,-0.2373292,0.6831595,0.6815332,0.6686891,0.6998601,0.62901163,0.6817527,0.5311838,0.5714674,0.4319953,0.58825034,0.36745626,0.49140316,-0.34303576,0.43330204,0.39819735,0.40737745,0.39953813,0.41534173,0.34862858,0.28780124,0.2628278,0.124316745,0.1872941,-0.056156658,0.02668946,-0.1429976,-0.14363953,-0.46334553,0.16894886,0.083764434,0.1458448,0.055967133,0.08811237,-0.004192196,0.020792916,-0.10172944,-0.0038419366,-0.15140048,-0.05659902,-0.21467254,-0.10749512,-0.24524222,-0.13356996,-0.31418675,-0.42075542,-0.17070097,-0.2649635,0.040683758,-0.0024024695,-0.069725,-0.1733861,-0.18924749,-0.32815033,-0.29150698,-0.30823183,-0.3411161,-0.36194736,-0.46082294,-0.4166485,-0.47229797,-0.51458746,-0.5618334,-0.5815823,-0.6996174,-0.67480654,-0.7733065,-0.7474825,-0.8041059,-0.791562,-0.60643864,-0.77321863,-0.6916697,-0.12486277,-0.20624515,-0.16023803,-0.26146853,-0.21532245,-0.30341846,-0.277385,-0.30704254,-0.32766527,-0.3743574,-0.37422878,-0.46279556,-0.4406693,-0.5474104,-0.47997206,-0.5949996,-0.38903722,-0.541164,-0.5365329,-0.26454633,-0.40053254,-0.42367116,-0.6187906,-0.34971502,-0.3732115,-0.39288914,-0.4479934,-0.42964524,-0.48804465,-0.51008636,-0.5566131,-0.5905257,-0.6024909,-0.6576326,-0.6539678,-0.72197175,-0.7346031,-0.7555352,-0.7510412,-0.75904924,-0.7794961,-0.71711886,-0.7521437,-0.7778392,0.02946908,0.03455008,-0.015684783,-0.024752747,-0.042273298,-0.14672303,-0.16407995,-0.16455325,-0.30500153,-0.26842806,-0.5067842,-0.4508677,-0.56072515,-0.61865216,-0.6245484,-0.59121406,-0.53335935
53o,0.5399919,0.98289555,0.95951176,0.43096477,0.9912827,0.976581,0.9952643,0.9652158,0.25201514,0.9783169,0.9840057,1.0,0.97363794,0.99331176,0.94203794,0.13137555,0.91607046,0.9078436,0.9448327,0.98659295,0.97701156,0.97153676,0.96618855,0.94108325,-0.105167575,0.79611087,0.7827331,0.8383538,0.83995396,0.86225706,0.94432306,0.83364224,0.8774946,0.82291585,0.84909415,-0.19643822,0.66402286,0.63337755,0.66160274,0.65832746,0.641485,0.673084,0.57599163,0.6047684,0.50904846,0.6668024,0.46401444,0.59149426,-0.29497495,0.40837824,0.3392011,0.3974719,0.3612826,0.41894418,0.3177238,0.32188478,0.26812857,0.1777741,0.23368317,0.015405342,0.112310775,-0.051272064,-0.04547501,-0.40801305,0.17115358,0.07891136,0.15539673,0.06416723,0.105671346,0.014400862,0.051037334,-0.064171076,0.03085155,-0.10895193,-0.008364387,-0.15612394,-0.051364183,-0.18170787,-0.076022595,-0.250125,-0.36280352,-0.13370569,-0.21724644,0.06778693,0.024944093,-0.040770955,-0.14160825,-0.1436958,-0.271765,-0.3590865,-0.3986575,-0.40058097,-0.4421418,-0.50732934,-0.48704097,-0.5111793,-0.5639463,-0.58996665,-0.6291307,-0.72535455,-0.6987922,-0.7983639,-0.76009035,-0.8245553,-0.7979984,-0.5860923,-0.78040147,-0.6981595,-0.22602713,-0.3013212,-0.25856256,-0.3499034,-0.30632624,-0.37996846,-0.35703856,-0.37426737,-0.38933071,-0.42313206,-0.41035748,-0.48052776,-0.44862,-0.54088134,-0.4624865,-0.57363176,-0.382183,-0.5374036,-0.4899649,-0.2799133,-0.4139034,-0.41217497,-0.6055989,-0.43891484,-0.46514735,-0.47840086,-0.5310772,-0.5102199,-0.56688404,-0.58137274,-0.62300056,-0.64828056,-0.6582195,-0.70388865,-0.6955917,-0.7558111,-0.7559297,-0.7752775,-0.7724854,-0.7836011,-0.8062631,-0.71490675,-0.7779881,-0.8048381,-0.010476932,-0.032353856,-0.042907223,-0.08620818,-0.05429441,-0.19743879,-0.16279614,-0.19102362,-0.2807476,-0.2629898,-0.4688382,-0.40921858,-0.51089084,-0.56550467,-0.5705705,-0.52280444,-0.48112163
53s,0.6412134,0.9746052,0.9737334,0.5376072,0.97455823,0.98915184,0.9775859,0.99293554,0.35216308,0.9257885,0.9668095,0.97363794,1.0000002,0.97995806,0.9864805,0.21930328,0.8244949,0.8386601,0.8564406,0.9535037,0.9171345,0.97679657,0.9294622,0.9615174,-0.040005464,0.6661814,0.6730206,0.71147585,0.7407471,0.73748505,0.8897676,0.7232212,0.8384222,0.7429249,0.85038793,-0.14137149,0.50646514,0.4903303,0.49787927,0.5184294,0.47177213,0.5359842,0.41042277,0.4899696,0.35660478,0.59241295,0.3363115,0.5603127,-0.26962593,0.2272312,0.180511,0.20967782,0.19131592,0.2296509,0.15095714,0.13213024,0.1109957,0.0017480999,0.090438396,-0.147436,-0.0051550996,-0.18914486,-0.13261648,-0.4096007,0.31783986,0.2249088,0.307818,0.2148079,0.26111278,0.15987018,0.21251777,0.08941424,0.1932902,0.04404884,0.15677339,-0.00094818324,0.11503872,-0.024133768,0.09317977,-0.08982972,-0.23701578,0.035749637,-0.050076023,0.2317345,0.18342467,0.13020347,0.027719706,0.026513562,-0.10963476,-0.49399525,-0.51164204,-0.53817743,-0.56081545,-0.6373105,-0.6077242,-0.6466581,-0.6852305,-0.7144407,-0.7394048,-0.81668645,-0.78976095,-0.8639004,-0.83787453,-0.8624011,-0.82139826,-0.5435864,-0.8005239,-0.7264277,-0.18090189,-0.24814539,-0.2103692,-0.2961734,-0.25451425,-0.32317796,-0.3040349,-0.31188744,-0.3301667,-0.3598768,-0.34342897,-0.42131835,-0.37534302,-0.4819463,-0.36478192,-0.50994277,-0.26034814,-0.44732648,-0.41989875,-0.16330929,-0.32657826,-0.29546943,-0.5312302,-0.47223625,-0.4897705,-0.51261324,-0.55699015,-0.5470017,-0.5910208,-0.6184213,-0.6463485,-0.6842692,-0.67997515,-0.7340952,-0.7147014,-0.7745226,-0.7590554,-0.7747048,-0.764915,-0.74959934,-0.77755964,-0.6550043,-0.7603094,-0.7838898,-0.18793881,-0.1927227,-0.2249542,-0.24815351,-0.24055761,-0.35433677,-0.3442438,-0.3545138,-0.44805127,-0.41713524,-0.6098784,-0.5256984,-0.6290575,-0.652985,-0.65831155,-0.5871478,-0.4625621
54o,0.59067905,0.9737779,0.94884545,0.49277672,0.97906476,0.96896815,0.9901347,0.96697664,0.3202429,0.9537549,0.968091,0.99331176,0.97995806,1.0,0.9613981,0.19794467,0.87576044,0.8649537,0.91459715,0.97418404,0.9709049,0.98398006,0.9792761,0.9660815,-0.038731128,0.74237514,0.7252387,0.79319155,0.7932447,0.8329153,0.93126106,0.82943296,0.8857985,0.8432313,0.88638556,-0.1280358,0.60372925,0.5697848,0.60624593,0.5981791,0.59645295,0.63081163,0.54924023,0.5922428,0.5050274,0.6837724,0.4819535,0.6373449,-0.23079552,0.3410751,0.2691619,0.3361945,0.299986,0.3648498,0.26072574,0.28597307,0.23341283,0.15538076,0.21750969,0.009582803,0.12639782,-0.037009675,-0.009401236,-0.34804282,0.19541228,0.09968759,0.18624145,0.0928776,0.1418973,0.047143634,0.09732836,-0.018158615,0.08027297,-0.06139361,0.05231171,-0.09359044,0.017237406,-0.11440872,-0.003497316,-0.17687595,-0.26398885,-0.06445939,-0.14374046,0.13778155,0.09689346,0.027274497,-0.07193801,-0.07183982,-0.19800943,-0.42198056,-0.45976788,-0.4590696,-0.4989233,-0.55550736,-0.5410627,-0.55768025,-0.60833734,-0.62725794,-0.66865355,-0.7506478,-0.7180123,-0.81470287,-0.7706219,-0.82785285,-0.7943969,-0.52466357,-0.77037525,-0.694741,-0.2916819,-0.36252546,-0.3212677,-0.40674096,-0.3643216,-0.43049657,-0.40870517,-0.41867444,-0.42967394,-0.4575472,-0.43396562,-0.49824882,-0.45315817,-0.54234916,-0.43763623,-0.5599216,-0.34361362,-0.5113671,-0.40696856,-0.25134853,-0.39396757,-0.37543708,-0.5820907,-0.5168146,-0.54168814,-0.55502784,-0.6048984,-0.58594835,-0.63742316,-0.6527833,-0.68760467,-0.71236384,-0.7174876,-0.7588018,-0.7460635,-0.7978265,-0.78545094,-0.79792964,-0.7930999,-0.7891291,-0.8132603,-0.6621265,-0.79272157,-0.81728506,-0.07996189,-0.105956316,-0.1065276,-0.15595502,-0.111026354,-0.25849462,-0.20916216,-0.24329372,-0.3098533,-0.29594994,-0.48522758,-0.4136082,-0.51088303,-0.55509365,-0.55543816,-0.49399167,-0.41374007
54s,0.68962705,0.94627476,0.9474983,0.6011709,0.9419868,0.9623754,0.9487743,0.9792234,0.42912835,0.872412,0.92317677,0.94203794,0.9864805,0.9613981,1.0000001,0.3008278,0.74665684,0.7597772,0.7894653,0.9097711,0.87691045,0.96529794,0.90938115,0.9672367,0.045430616,0.5664184,0.5711969,0.6194249,0.64810085,0.6606945,0.8311475,0.67296195,0.8112706,0.7209448,0.8657552,-0.056265917,0.39420933,0.3757338,0.38870817,0.40542725,0.3690597,0.44011948,0.3243084,0.41742718,0.3024313,0.5734794,0.31207526,0.58079463,-0.1808135,0.104150556,0.05509054,0.09007062,0.07268629,0.115958035,0.034483135,0.035218522,0.017122693,-0.07806199,0.027822241,-0.19295141,-0.026787397,-0.19603293,-0.108001515,-0.3173055,0.3658044,0.26875624,0.36597887,0.27027664,0.3291319,0.22098625,0.29758725,0.17381485,0.28358722,0.13407521,0.26391238,0.10925102,0.23314343,0.095210806,0.2155702,0.0355888,-0.12005413,0.14866939,0.06740031,0.32477245,0.27345428,0.23574933,0.13568008,0.14657265,0.012930006,-0.58224213,-0.5930241,-0.6211524,-0.63630635,-0.7061102,-0.6822522,-0.71099305,-0.7443998,-0.7642874,-0.78954,-0.84051263,-0.8090525,-0.8684876,-0.83870685,-0.840594,-0.79006684,-0.44380277,-0.7588197,-0.6899005,-0.23914924,-0.29305333,-0.26373377,-0.3347245,-0.2992583,-0.35115612,-0.33907288,-0.3310909,-0.3487504,-0.36482227,-0.34008896,-0.40628967,-0.3482415,-0.44871938,-0.3066107,-0.4659095,-0.19368853,-0.40149456,-0.33795655,-0.117831394,-0.29790553,-0.22949447,-0.48809648,-0.5523185,-0.5645087,-0.5928024,-0.62861896,-0.6279456,-0.6590704,-0.6960707,-0.7088386,-0.75535756,-0.7378373,-0.7971232,-0.76484066,-0.82588166,-0.7906691,-0.8109313,-0.7901186,-0.75637233,-0.7832414,-0.57617605,-0.78402764,-0.7956182,-0.3017144,-0.29945883,-0.334531,-0.35137647,-0.3437181,-0.44838125,-0.43216363,-0.43938908,-0.5112554,-0.48095143,-0.6438134,-0.543903,-0.6333957,-0.6391696,-0.62325156,-0.52994096,-0.35625303
55o,0.8465336,0.12762217,0.16301906,0.9194249,0.117858335,0.15763578,0.14339182,0.23112495,0.9857369,0.035606496,0.10709218,0.13137555,0.21930328,0.19794467,0.3008278,1.0,-0.067931,-0.0313586,-0.035069317,0.09045355,0.09700514,0.20382988,0.20160234,0.28673887,0.9425594,-0.20703827,-0.13449736,-0.15117066,-0.093832135,-0.08600105,0.07265582,-0.0006747097,0.08783496,0.14761356,0.2859534,0.85988635,-0.28130245,-0.19064827,-0.28210714,-0.18983108,-0.23250118,-0.181917,-0.17467858,-0.1105045,-0.13775472,0.020705536,-0.009576954,0.21196494,0.7606141,-0.3353842,-0.2386684,-0.3275773,-0.2450646,-0.31954962,-0.24940117,-0.2740534,-0.2190049,-0.26133373,-0.24519427,-0.2050099,-0.09714391,-0.08693351,0.050211176,0.57287836,0.25819004,0.1557032,0.30810905,0.20777138,0.34271201,0.21866988,0.42333198,0.3119592,0.4395504,0.31636584,0.5060088,0.38783067,0.541408,0.4292843,0.54697275,0.44023243,0.47713503,0.41657978,0.40149793,0.40870488,0.3868151,0.424009,0.36086732,0.45877674,0.38773215,-0.34620893,-0.2940115,-0.3362751,-0.31184885,-0.3153569,-0.3267909,-0.3005412,-0.33376542,-0.26236206,-0.3146808,-0.18933278,-0.20368508,-0.1643683,-0.19677876,-0.07865072,-0.15830937,0.27064407,-0.019811124,-0.20101652,-0.5459502,-0.5472992,-0.545853,-0.5553256,-0.5480241,-0.5504162,-0.5513255,-0.53166914,-0.5231703,-0.5094464,-0.4599075,-0.46466416,-0.35979816,-0.38323864,-0.18818328,-0.31361234,-0.09756785,-0.27559242,0.092150025,-0.18116826,-0.3242207,-0.11790615,-0.29052037,-0.45484668,-0.43983266,-0.47483084,-0.48155975,-0.50082576,-0.50261307,-0.549502,-0.5398209,-0.58278835,-0.56911784,-0.58610976,-0.57979834,-0.570649,-0.5475799,-0.5266891,-0.5287981,-0.4101419,-0.42594776,0.12589577,-0.4763047,-0.46451917,-0.37600255,-0.32058033,-0.36385322,-0.34536475,-0.3505624,-0.347636,-0.3218226,-0.34791812,-0.26100484,-0.32651812,-0.26374763,-0.24681823,-0.15054561,-0.09338864,-0.051214427,0.004647419,0.46096313
62o,0.32435322,0.90324736,0.8716372,0.1968051,0.9180732,0.8750942,0.911986,0.83501303,0.02462095,0.9733062,0.9321573,0.91607046,0.8244949,0.87576044,0.74665684,-0.067931,1.0000002,0.98454535,0.9882491,0.93019116,0.9258197,0.8160275,0.8553722,0.7562963,-0.26216134,0.9685856,0.9546571,0.9776987,0.9622592,0.9480785,0.92029905,0.8384757,0.77243936,0.7474206,0.6501776,-0.33865187,0.8971658,0.87372804,0.8849133,0.88072157,0.8436254,0.8329633,0.723194,0.66891414,0.5890094,0.5940197,0.47248626,0.4249894,-0.4005521,0.7204778,0.6566446,0.69695276,0.6584591,0.6954249,0.6044052,0.5598878,0.4843603,0.37110755,0.35763198,0.16998105,0.15318045,0.027117563,-0.06382723,-0.47662693,-0.05032088,-0.12048362,-0.08638294,-0.1616294,-0.14864837,-0.21376866,-0.2312719,-0.33187842,-0.2592476,-0.38097924,-0.325006,-0.45991796,-0.3815972,-0.4962042,-0.41323042,-0.56926405,-0.6046726,-0.44958276,-0.532437,-0.23899995,-0.26715901,-0.35338947,-0.4410861,-0.4689027,-0.5852955,0.020123236,-0.03097,-0.027078666,-0.07836074,-0.15736328,-0.13038749,-0.1676758,-0.23317249,-0.2756323,-0.31459156,-0.46197045,-0.45101172,-0.57670766,-0.5512828,-0.65258,-0.66636086,-0.64743155,-0.66972345,-0.5863657,-0.08644856,-0.18199769,-0.12686667,-0.24044196,-0.18994886,-0.2940651,-0.25918365,-0.3137127,-0.33167225,-0.392478,-0.40972012,-0.4914817,-0.5044097,-0.5884178,-0.6093027,-0.6508459,-0.56965345,-0.6380507,-0.6236305,-0.42784974,-0.49299672,-0.5949489,-0.6866187,-0.16844109,-0.20612456,-0.20810905,-0.27647954,-0.23941904,-0.319525,-0.3185289,-0.38990915,-0.4018708,-0.4414808,-0.48155823,-0.5017215,-0.5723686,-0.6194209,-0.65297985,-0.65513873,-0.72375846,-0.7262261,-0.75019574,-0.6836928,-0.706978,0.36791736,0.34155616,0.32577258,0.28491372,0.29734895,0.1592834,0.16678798,0.13646367,-0.002993904,0.004827423,-0.24255694,-0.2566608,-0.34298223,-0.45120388,-0.46616983,-0.48938197,-0.570377
62s,0.36468676,0.90568113,0.8949626,0.2363775,0.9182061,0.8944739,0.90778613,0.85669076,0.061996907,0.9662345,0.9459165,0.9078436,0.8386601,0.8649537,0.7597772,-0.0313586,0.98454535,0.9999999,0.96610284,0.93508625,0.90434825,0.81767005,0.8305049,0.7631595,-0.23118559,0.9387089,0.9652371,0.9456956,0.973709,0.90606904,0.92500705,0.78936946,0.7653154,0.69733196,0.6377431,-0.3141304,0.8558055,0.8751906,0.83708644,0.8832832,0.79058635,0.82977825,0.660705,0.65225786,0.5194731,0.5650188,0.40587163,0.39619327,-0.3940206,0.6738414,0.6607733,0.6434031,0.65254736,0.6369073,0.59950036,0.49067175,0.47401482,0.30446613,0.3247666,0.10386722,0.10828457,-0.037479766,-0.10796481,-0.4910157,-0.0009827316,-0.06931509,-0.039487198,-0.11597952,-0.10402931,-0.17375569,-0.19195396,-0.30049723,-0.22243923,-0.35216188,-0.2980465,-0.4437018,-0.3624643,-0.48508528,-0.39840043,-0.56340116,-0.62202495,-0.43869677,-0.525705,-0.2206691,-0.24848136,-0.33842075,-0.42970455,-0.46016827,-0.58210635,-0.004545279,-0.021482192,-0.053274132,-0.07361598,-0.18560506,-0.12963815,-0.19653961,-0.24018097,-0.30454364,-0.32034326,-0.4802966,-0.45746356,-0.58918405,-0.56217664,-0.6585661,-0.6756313,-0.6532886,-0.6792095,-0.6064446,-0.030588903,-0.124411546,-0.07067891,-0.18500817,-0.13492174,-0.24228379,-0.20805213,-0.2642343,-0.28589454,-0.3509063,-0.37288854,-0.46691704,-0.47987217,-0.5767203,-0.5960032,-0.6507848,-0.5599278,-0.63465947,-0.6605796,-0.4129532,-0.48611516,-0.58535886,-0.6900976,-0.15409546,-0.18240707,-0.1947571,-0.25773498,-0.22898968,-0.3008034,-0.3133294,-0.37768364,-0.4038375,-0.43442512,-0.4886887,-0.50198114,-0.58347833,-0.6286894,-0.6689209,-0.6653347,-0.73068506,-0.7328638,-0.76340175,-0.69326186,-0.71419036,0.32239223,0.33905196,0.27567402,0.28127128,0.24212147,0.15567288,0.1116339,0.12391238,-0.058772694,-0.017520513,-0.3015958,-0.29079038,-0.39076638,-0.4852438,-0.51212275,-0.5303943,-0.58707064
63o,0.34085074,0.9150261,0.874477,0.22508049,0.93237036,0.8894577,0.93374383,0.85262156,0.061226666,0.9816711,0.94319534,0.9448327,0.8564406,0.91459715,0.7894653,-0.035069317,0.9882491,0.96610284,1.0,0.960152,0.9654834,0.86991286,0.9103382,0.81729114,-0.22523871,0.9428148,0.92038745,0.9663889,0.94741297,0.9695518,0.953663,0.89474726,0.8433547,0.82526636,0.7382939,-0.29379058,0.8640772,0.83139277,0.8636395,0.84708285,0.8410189,0.83980185,0.7600195,0.72225034,0.6534078,0.68558776,0.55868816,0.53746724,-0.3521531,0.6727461,0.59792376,0.66308004,0.6207331,0.67667186,0.57450294,0.570204,0.49431998,0.4099333,0.41717887,0.22501461,0.23888142,0.10547787,0.03213968,-0.42362177,-0.042375565,-0.117026925,-0.07236278,-0.14942329,-0.12843096,-0.19189622,-0.20257992,-0.29732078,-0.22706899,-0.34282246,-0.28312087,-0.40799966,-0.3346644,-0.44249657,-0.36664295,-0.51748866,-0.5707449,-0.420223,-0.49637806,-0.21633032,-0.24513803,-0.3314528,-0.4215588,-0.43391842,-0.5415295,-0.070228636,-0.12652521,-0.10911178,-0.1623098,-0.22515073,-0.2045189,-0.22705954,-0.2861783,-0.3216633,-0.36442944,-0.4999566,-0.4718005,-0.6101568,-0.5619535,-0.6817876,-0.67927325,-0.60969114,-0.6792495,-0.5838342,-0.1784853,-0.2643908,-0.21415976,-0.31434458,-0.26737255,-0.35494682,-0.3234648,-0.3645494,-0.37652373,-0.4259743,-0.4290133,-0.49924016,-0.4977851,-0.5754206,-0.5754577,-0.62701553,-0.549036,-0.62899935,-0.58957297,-0.43092006,-0.5014101,-0.56823546,-0.6722286,-0.28688908,-0.319144,-0.32143834,-0.3792371,-0.34825283,-0.4148915,-0.41587746,-0.4720071,-0.48527247,-0.5112095,-0.5520197,-0.5568243,-0.62658536,-0.6514551,-0.6882955,-0.6862885,-0.7579249,-0.7633506,-0.7549808,-0.7211747,-0.74396074,0.29809058,0.26600143,0.2686637,0.21874931,0.25580856,0.10524993,0.14155938,0.10411163,-0.0025760345,0.006397754,-0.22315648,-0.20732948,-0.30945164,-0.40861055,-0.42359212,-0.42566574,-0.5105355
63s,0.4857578,0.9618118,0.94096905,0.37902325,0.97398925,0.9623877,0.97862744,0.9424648,0.20682785,0.9799955,0.985064,0.98659295,0.9535037,0.97418404,0.9097711,0.09045355,0.93019116,0.93508625,0.960152,1.0000001,0.978935,0.96256953,0.9562565,0.92911154,-0.13159028,0.8255714,0.83225757,0.8657361,0.8895259,0.89197606,0.97707,0.85687053,0.90357435,0.83303785,0.8447646,-0.2116565,0.7041812,0.69839895,0.7045593,0.72603106,0.68902934,0.75081563,0.63317454,0.6877924,0.55890685,0.7110015,0.5061903,0.6136681,-0.30728942,0.4634956,0.4263163,0.45553428,0.4516815,0.47876707,0.41513672,0.385334,0.37133777,0.2554464,0.33498573,0.08777887,0.18613324,0.008413335,0.011098871,-0.41540295,0.11853759,0.037877806,0.09730094,0.015786387,0.045729317,-0.029985428,-0.018248007,-0.120771855,-0.04035788,-0.1663773,-0.08976398,-0.22300312,-0.13971713,-0.25704375,-0.17045452,-0.33292758,-0.4488622,-0.23758394,-0.31325865,-0.028860457,-0.06177256,-0.14796093,-0.2430639,-0.2482877,-0.3608896,-0.30238152,-0.32308114,-0.33977234,-0.36013305,-0.44437745,-0.40101588,-0.4453084,-0.47512096,-0.52546203,-0.54483706,-0.6699306,-0.61609286,-0.752234,-0.68925226,-0.7920029,-0.75997305,-0.5870209,-0.7551097,-0.6593085,-0.2026391,-0.27376917,-0.23297355,-0.3187878,-0.2775352,-0.3482741,-0.3254097,-0.3447127,-0.35955992,-0.39524847,-0.38659352,-0.457206,-0.43322146,-0.5226272,-0.46728694,-0.5652249,-0.42415476,-0.5492411,-0.53073573,-0.3230407,-0.43107504,-0.44508025,-0.6094854,-0.42466426,-0.44084972,-0.45843834,-0.4999339,-0.48681542,-0.52982527,-0.5513089,-0.5817058,-0.6151264,-0.6145052,-0.6707977,-0.65182394,-0.7256291,-0.7192663,-0.7557063,-0.7435835,-0.7862246,-0.80031365,-0.7462027,-0.77007747,-0.79063845,0.051351547,0.058211546,0.023405023,0.012487441,0.015896771,-0.091830924,-0.08629624,-0.08400703,-0.20288283,-0.1572693,-0.39740098,-0.3129565,-0.4469903,-0.5017516,-0.5248955,-0.47845227,-0.48792088
