hand,22o,32o,32s,33o,42o,42s,43o,43s,44o,52o,52s,53o,53s,54o,54s,55o,62o,62s,63o,63s,64o,64s,65o,65s,66o,72o,72s,73o,73s,74o,74s,75o,75s,76o,76s,77o,82o,82s,83o,83s,84o,84s,85o,85s,86o,86s,87o,87s,88o,92o,92s,93o,93s,94o,94s,95o,95s,96o,96s,97o,97s,98o,98s,99o,A2o,A2s,A3o,A3s,A4o,A4s,A5o,A5s,A6o,A6s,A7o,A7s,A8o,A8s,A9o,A9s,AAo,AJo,AJs,AKo,AKs,AQo,AQs,ATo,ATs,J2o,J2s,J3o,J3s,J4o,J4s,J5o,J5s,J6o,J6s,J7o,J7s,J8o,J8s,J9o,J9s,JJo,JTo,JTs,K2o,K2s,K3o,K3s,K4o,K4s,K5o,K5s,K6o,K6s,K7o,K7s,K8o,K8s,K9o,K9s,KJo,KJs,KKo,KQo,KQs,KTo,KTs,Q2o,Q2s,Q3o,Q3s,Q4o,Q4s,Q5o,Q5s,Q6o,Q6s,Q7o,Q7s,Q8o,Q8s,Q9o,Q9s,QJo,QJs,QQo,QTo,QTs,T2o,T2s,T3o,T3s,T4o,T4s,T5o,T5s,T6o,T6s,T7o,T7s,T8o,T8s,T9o,T9s,TTo
22o,0.99999994,0.41142163,0.3547162,0.9068918,0.44948217,0.43303126,0.44574457,0.3868695,0.76439786,0.40529007,0.3715075,0.481204,0.46454233,0.31773597,0.24751623,0.60146767,0.44579265,0.45556974,0.45025924,0.45316485,0.34086007,0.3786069,0.23566408,0.18678942,0.41807374,0.41291803,0.45101652,0.40630475,0.41576505,0.26163343,0.30004513,0.21628891,0.21903059,0.14678018,0.09839977,0.2789851,0.3801419,0.4051292,0.35474703,0.34743592,0.20006469,0.19008796,0.10736015,0.097580776,0.12767771,0.08212159,-0.048355836,-0.09604638,0.1920719,0.36680773,0.3587993,0.2931653,0.23743291,0.11915007,0.06371718,0.03900561,-0.003174793,-0.020252379,-0.05617135,-0.11547815,-0.11020419,-0.19821571,-0.18189791,0.2509848,0.09330588,0.088991925,0.042230543,-0.034503426,-0.14056021,-0.21076167,-0.1548202,-0.16977848,-0.1654503,-0.20555523,-0.16740543,-0.1780108,-0.16525236,-0.1574297,-0.1156105,-0.13219267,0.11640855,-0.07032711,-0.10605368,-0.033736203,-0.08126047,-0.024849223,-0.07076932,-0.07016842,-0.06575641,0.23974134,0.23052324,0.11055201,0.07835263,-0.0713927,-0.1383277,-0.10315392,-0.15223213,-0.12074373,-0.16142748,-0.15473263,-0.19172266,-0.17081365,-0.20582128,-0.12648737,-0.12777872,0.2920084,-0.16782834,-0.18375427,0.31002715,0.3195043,0.19290614,0.18390079,-0.056335427,-0.077807225,-0.02980528,-0.054834675,-0.08494677,-0.08774438,-0.116145924,-0.11795431,-0.12288043,-0.10353499,-0.07471876,-0.076577105,-0.04486344,-0.024127645,0.19888647,-0.07921345,-0.066868074,-0.04241164,-0.05714203,0.19847785,0.18230693,0.07537624,0.042053234,-0.09777987,-0.15866672,-0.097312346,-0.18379861,-0.11273227,-0.17253456,-0.10707088,-0.16017921,-0.11663688,-0.1550132,-0.12501825,-0.17423052,-0.123081654,-0.08616807,0.27275756,-0.09298605,-0.10595186,0.33519447,0.3137488,0.20638907,0.16215199,0.016869545,-0.06103824,0.022195432,-0.08445678,-0.035021357,-0.12151536,-0.18188606,-0.21702582,-0.14284241,-0.18376477,-0.1720094,-0.1721746,0.29993168
32o,0.41142163,1.0,0.725101,0.32170197,0.98276365,0.7234163,0.9328107,0.68344015,0.20825678,0.95485014,0.66303396,0.89015144,0.6505495,0.8305757,0.5735278,0.10316102,0.9161585,0.69738466,0.8591066,0.6163777,0.7977853,0.583065,0.7773013,0.55631006,0.06755073,0.8445438,0.65783167,0.7665468,0.57509696,0.6896253,0.47319445,0.6942894,0.47560963,0.6545449,0.4231581,-0.0051681893,0.7612571,0.56043816,0.647597,0.4427335,0.57325107,0.34790915,0.5309765,0.27362844,0.5370269,0.26551956,0.45589012,0.17739734,-0.06538262,0.7597482,0.5198198,0.58087313,0.33229154,0.546309,0.25448668,0.5039391,0.23386395,0.47409943,0.19097465,0.40803686,0.14800264,0.3573942,0.09763764,-0.05069778,0.35502264,0.18779646,0.18533304,-0.068717316,0.12418938,-0.084817834,0.16936482,-0.12605876,0.16537595,-0.05201235,0.18066627,-0.030095601,0.16189681,-0.036638428,0.19763285,-0.026988607,-0.12818646,0.20018846,-0.03324309,0.1679376,-0.023152312,0.20526531,-0.015396984,0.20308696,0.027383314,0.57668847,0.40158892,0.4504948,0.21653529,0.36274675,0.13323866,0.41212514,0.1593614,0.39419064,0.17669863,0.37620893,0.18619044,0.3452119,0.17733662,0.3391853,0.10070718,0.01096593,0.3331068,0.117045246,0.49633506,0.33788103,0.3731544,0.19626528,0.26028934,0.10308305,0.31331313,0.13240433,0.28202793,0.13012,0.28503212,0.11382337,0.27771765,0.12689991,0.30683655,0.13457395,0.309443,0.109842926,0.0048831548,0.3574083,0.16316923,0.33688435,0.16535854,0.5584096,0.37053406,0.42455754,0.24348585,0.35549414,0.16421266,0.43118054,0.20290889,0.41349217,0.2217704,0.41509202,0.23263738,0.3793857,0.1996598,0.3704585,0.1776767,0.40735716,0.19888204,0.04061131,0.36146638,0.13197567,0.7534644,0.47882113,0.5613789,0.3084928,0.5151537,0.22332782,0.53900886,0.21660668,0.49495107,0.21492425,0.4029526,0.15369034,0.366101,0.108767875,0.37590894,0.09119585,-0.046744816
32s,0.3547162,0.725101,1.0,0.30579177,0.68669915,0.9637756,0.6439073,0.92972255,0.21913995,0.68609643,0.9148984,0.5918342,0.85416627,0.51367396,0.8368291,0.11605025,0.64408517,0.88625884,0.5860893,0.7970978,0.47615072,0.76657486,0.4805637,0.7746463,0.06256148,0.564893,0.7793261,0.4740225,0.683274,0.3556455,0.60800296,0.35427952,0.61947113,0.35507473,0.6209003,-0.04812317,0.4528047,0.67386967,0.32178915,0.50646335,0.22619209,0.4594817,0.17522563,0.42045167,0.21219051,0.411176,0.13727435,0.37786147,-0.08315572,0.4409219,0.69337773,0.24654374,0.46900964,0.18878053,0.4063273,0.1366094,0.40099925,0.13988763,0.3575577,0.10792255,0.29752356,0.063271716,0.3182777,-0.018162185,0.2092059,0.40964833,0.030736465,0.09932259,-0.026425663,0.08805634,-0.023902236,0.049510323,0.0025388403,0.08210532,0.032061923,0.09685177,0.03511692,0.0997462,0.07915638,0.15533821,-0.060145564,0.09370322,0.15944293,0.0446956,0.16972579,0.055937663,0.14564188,0.114201605,0.22527549,0.35336262,0.58570415,0.23044924,0.37394384,0.10942766,0.3065794,0.11040696,0.31854236,0.16490489,0.31522846,0.18573743,0.31807902,0.16849492,0.34964448,0.15738656,0.3121043,0.0739367,0.14016938,0.36045378,0.3431178,0.48676348,0.19252968,0.3478285,0.047778003,0.22666217,0.0870508,0.23913129,0.08765657,0.22930655,0.1101157,0.20178902,0.12042288,0.22553849,0.1758607,0.2580735,0.14434206,0.24296562,0.013537023,0.16293643,0.29426977,0.21305582,0.30534732,0.33573475,0.5322361,0.21105382,0.37557173,0.10957295,0.29359466,0.12353014,0.32445022,0.1678879,0.34438738,0.19665277,0.3394884,0.19271618,0.31597018,0.19224541,0.31325823,0.19856955,0.38577682,0.05254545,0.14795358,0.28841197,0.46173102,0.7063957,0.26288384,0.48642847,0.17988025,0.4252318,0.14483257,0.3980502,0.16873577,0.35637453,0.1268811,0.3140741,0.08134936,0.28756696,0.119161524,0.39899027,0.016718147
33o,0.9068918,0.32170197,0.30579177,1.0000002,0.39246443,0.39963052,0.472895,0.45936686,0.93892515,0.34177697,0.33433855,0.51623213,0.5368332,0.4195911,0.395114,0.78656816,0.38345045,0.41969165,0.48657155,0.52842236,0.43069255,0.5089437,0.31446066,0.308791,0.60888755,0.33946484,0.3995033,0.43680954,0.48227546,0.3444855,0.42317244,0.27093905,0.3210383,0.21914232,0.21177466,0.43946218,0.30047488,0.3502909,0.38211146,0.41129082,0.2752247,0.3179607,0.14468941,0.19913273,0.18952878,0.19519062,0.013252452,0.024582502,0.33499554,0.28299412,0.308165,0.34018174,0.32866904,0.20303316,0.20784804,0.074256256,0.10345438,0.054753818,0.08476808,-0.047445748,0.005945161,-0.11675508,-0.06734261,0.379317,-0.017645065,0.011762541,0.01955294,-0.041755777,-0.118102714,-0.19444656,-0.17199385,-0.18301044,-0.1805341,-0.20866883,-0.18522015,-0.20836401,-0.20689797,-0.19371477,-0.15999661,-0.17857571,0.1538086,-0.13797742,-0.17378718,-0.10686061,-0.1313176,-0.12356271,-0.14971243,-0.12786384,-0.113102265,0.21539266,0.24163824,0.18730241,0.19163029,0.05826942,0.045895457,-0.01626287,0.0146988,-0.023331873,-0.0050300127,-0.072944015,-0.062336117,-0.101703994,-0.101728275,-0.059362255,-0.025250807,0.38610396,-0.11276532,-0.12959486,0.25447282,0.30375844,0.210237,0.2392509,0.018126722,0.03878677,0.0064115385,0.027920797,-0.029499296,-0.0033447817,-0.07662369,-0.05248733,-0.09485683,-0.059164748,-0.050217304,-0.038142726,-0.055912893,-0.026783325,0.27344194,-0.10625811,-0.098887295,-0.03484008,-0.046110965,0.10548803,0.11550689,0.078015506,0.06895354,-0.042502362,-0.06400744,-0.08650695,-0.13570142,-0.07979193,-0.108622506,-0.09039357,-0.111119874,-0.10600588,-0.12417162,-0.1035864,-0.15155536,-0.12931028,-0.1186554,0.32807058,-0.081694864,-0.096246324,0.28766745,0.3169792,0.2823311,0.29511896,0.141871,0.13971227,0.08975468,0.06460882,0.07248071,0.061748255,-0.08450023,-0.05530308,-0.058770217,-0.04302839,-0.090260394,-0.055448607,0.41388148
42o,0.44948217,0.98276365,0.68669915,0.39246443,1.0,0.7272288,0.9594158,0.68676955,0.28082207,0.96384865,0.65598273,0.94027025,0.68847215,0.88147956,0.5945473,0.16189307,0.9277857,0.6982145,0.8932446,0.6401311,0.8600673,0.6345212,0.8076191,0.56048805,0.109989285,0.84654975,0.65312004,0.7994619,0.59795254,0.7369558,0.50940686,0.73782665,0.5075313,0.6653354,0.41122833,0.028780237,0.77256304,0.5649323,0.6935961,0.4853544,0.6323754,0.3988219,0.5749102,0.30665538,0.5692138,0.28995994,0.45842725,0.16746159,-0.043778233,0.7800694,0.5340409,0.6454259,0.38950294,0.6125447,0.31884703,0.56524956,0.28946567,0.4998761,0.20456277,0.41493696,0.15142162,0.3473695,0.07334112,-0.045666084,0.29306203,0.124074474,0.16316126,-0.08732924,0.09620047,-0.11599942,0.13018672,-0.16006225,0.109087534,-0.104074806,0.118191466,-0.09042068,0.09384652,-0.10027354,0.13137113,-0.09541255,-0.14345032,0.13867989,-0.106305055,0.10149241,-0.0954984,0.14559431,-0.0843289,0.1382427,-0.042978298,0.5530637,0.3673042,0.45771015,0.21312797,0.3718897,0.13324678,0.42018312,0.16363816,0.37228397,0.15390462,0.33925515,0.14471568,0.29861015,0.12209275,0.2966486,0.05608464,0.001524719,0.2823359,0.051219642,0.42553926,0.26530984,0.3267062,0.14401464,0.2120382,0.051927347,0.25382572,0.07290273,0.21150221,0.058228828,0.20991741,0.04057444,0.20025279,0.04770297,0.22214597,0.052096274,0.23068817,0.032070845,-0.014890052,0.27946815,0.07954767,0.25181207,0.07637562,0.49865326,0.30158272,0.3904478,0.19980854,0.32387877,0.12574196,0.39459962,0.152466,0.3544566,0.1527603,0.34516504,0.15488727,0.30362463,0.11973333,0.29593015,0.0915122,0.3324445,0.11038891,0.021939915,0.29641047,0.059429202,0.7616806,0.48223168,0.6090819,0.3471366,0.5626246,0.26804808,0.58979535,0.2631018,0.5086562,0.22058561,0.38214776,0.13182196,0.34724668,0.083488025,0.3405379,0.044486467,-0.046237923
42s,0.43303126,0.7234163,0.9637756,0.39963052,0.7272288,1.0000002,0.6866842,0.93551815,0.30087554,0.71646976,0.9283306,0.6663076,0.9212579,0.5756961,0.849574,0.17393799,0.6705048,0.8999848,0.628942,0.8274601,0.54507834,0.8275664,0.5088578,0.7568097,0.09078601,0.57777727,0.7849238,0.51301175,0.7112486,0.40338293,0.6459948,0.39938298,0.65356535,0.35258394,0.5785039,-0.033447165,0.48075175,0.69558734,0.37802672,0.5627122,0.28975135,0.5090074,0.22406475,0.4568933,0.23879509,0.42433396,0.125509,0.33075288,-0.08345871,0.48444298,0.72890294,0.3278184,0.5399023,0.26014084,0.47566134,0.2104028,0.46142706,0.15499699,0.3503263,0.09249903,0.26968494,0.024418138,0.2438682,-0.03604969,0.12883362,0.3241884,-0.0012492016,0.07359561,-0.06501861,0.040980116,-0.08174108,-0.003044838,-0.08695626,-0.0046518687,-0.061195444,0.0016428591,-0.062907726,0.0036420245,-0.01209341,0.05671224,-0.07638599,0.040529605,0.07863638,-0.009431522,0.09370645,0.013837348,0.077028245,0.04307594,0.14031947,0.33998588,0.5559061,0.2437464,0.3730776,0.11994979,0.30241472,0.12267858,0.31786108,0.12804957,0.27234927,0.12674278,0.24456382,0.09459943,0.25516638,0.090271905,0.23283967,0.06761878,0.071383804,0.26536763,0.26151827,0.39267734,0.1412864,0.27865434,-0.013836838,0.14825113,0.011703283,0.1499953,-0.013166183,0.11551793,0.0007539503,0.08563317,0.007853151,0.10314832,0.056379117,0.13713405,0.060112834,0.15472226,-0.005403571,0.084586166,0.20314416,0.10652036,0.18756264,0.28935143,0.46907312,0.1876601,0.33432108,0.08281225,0.2573495,0.09529543,0.2717655,0.09743432,0.25579095,0.10706027,0.22739935,0.09032975,0.19901294,0.09111802,0.19094087,0.124678716,0.29110643,0.04629676,0.07276752,0.19738829,0.48795202,0.72302,0.32333666,0.52956694,0.23161542,0.46443117,0.20968778,0.44897443,0.1669537,0.33424258,0.07468817,0.24180144,0.03141774,0.21698189,0.050076943,0.29896837,0.006741062
43o,0.44574457,0.9328107,0.6439073,0.472895,0.9594158,0.6866842,1.0,0.7352218,0.37916368,0.9231618,0.6311478,0.98279136,0.7373985,0.9524934,0.66664976,0.2466584,0.89124334,0.67464066,0.94578296,0.7099636,0.9186604,0.6975785,0.8552105,0.6111275,0.18557748,0.8186643,0.635646,0.86006707,0.67870736,0.8128667,0.60189325,0.7793923,0.55906576,0.7126167,0.45624837,0.08694173,0.7501643,0.55479115,0.75692487,0.56782967,0.70864403,0.49584734,0.61036783,0.36520866,0.60535854,0.32536563,0.49692947,0.20758648,-0.012858018,0.75135434,0.51344186,0.7135425,0.47204453,0.6812602,0.40293035,0.5765043,0.3165932,0.5266981,0.24623512,0.43160132,0.17096175,0.36711726,0.08867956,-0.021800308,0.24984747,0.074459955,0.17317967,-0.089986004,0.1017513,-0.1311674,0.09756901,-0.2111837,0.07123268,-0.1559284,0.079625055,-0.15062562,0.039296277,-0.16212532,0.08297974,-0.16182598,-0.15484783,0.07329638,-0.18310507,0.043999143,-0.15689567,0.06977745,-0.16985947,0.078643404,-0.11026404,0.56118476,0.38790482,0.53494257,0.3082363,0.45192719,0.22709511,0.44710213,0.20549484,0.40036595,0.18960968,0.3521128,0.15814634,0.3007162,0.11565985,0.29706478,0.056535095,0.018111873,0.2859852,0.03397955,0.426869,0.26238677,0.38056254,0.1910701,0.25883976,0.08267874,0.25667426,0.060353186,0.21781078,0.04667836,0.2027054,0.017208148,0.18553169,0.019335046,0.20903164,0.02478011,0.18332125,-0.02883156,-0.010410219,0.23213084,0.008860368,0.22732915,0.03947011,0.49151024,0.2865341,0.4447471,0.24521312,0.37400526,0.17057131,0.4001191,0.14111453,0.36724383,0.14683439,0.3450981,0.13550398,0.29126436,0.090751916,0.2946586,0.069458105,0.3131588,0.05115645,0.020409608,0.28715864,0.024057396,0.7635622,0.50147635,0.6955208,0.45545542,0.6581586,0.3814216,0.62569124,0.31694645,0.5549237,0.28463975,0.41237882,0.16699152,0.36642972,0.10381145,0.3616813,0.06253158,-0.01811129
43s,0.3868695,0.68344015,0.92972255,0.45936686,0.68676955,0.93551815,0.7352218,1.0000002,0.40251002,0.66972965,0.8840241,0.7071003,0.95785874,0.66532654,0.95566577,0.2824016,0.6345253,0.8667513,0.69117254,0.9006211,0.6249287,0.90440273,0.5967337,0.86400014,0.21461529,0.5515886,0.7577449,0.58331233,0.79189837,0.49792886,0.7474938,0.47210956,0.7312783,0.4559382,0.693409,0.074235395,0.44409525,0.6564755,0.4383301,0.62549686,0.37228462,0.60902643,0.27542606,0.5260441,0.31775835,0.5005949,0.21672422,0.43716323,-0.010247479,0.42249757,0.6589399,0.37232798,0.5868565,0.323959,0.5343944,0.22197457,0.4848552,0.22171283,0.43206593,0.16183782,0.33618152,0.10068299,0.32122627,0.026469558,0.082978636,0.262498,0.001947788,0.03989674,-0.052231655,0.017495614,-0.092098765,-0.055311196,-0.08328304,-0.03346833,-0.055520177,-0.036272485,-0.08180489,-0.04166623,-0.028526302,0.0075440705,-0.07184233,-0.013761599,0.006880384,-0.05608488,0.040855225,-0.059492435,-0.0077915564,0.0043809116,0.08117005,0.32172722,0.54050386,0.30608764,0.44289425,0.1985274,0.3870455,0.15797155,0.36834338,0.19543672,0.3444727,0.18679139,0.30888507,0.14794464,0.29983854,0.13813679,0.27465177,0.10079655,0.12054029,0.28587437,0.25258484,0.38038397,0.18639877,0.31536484,0.04504674,0.1915421,0.036167175,0.1617682,0.038824853,0.14755371,0.040746283,0.10594261,0.035912566,0.11230947,0.08398934,0.14102039,0.038112544,0.101518154,0.016151449,0.062278338,0.14515024,0.11895515,0.17664847,0.25422665,0.41760248,0.22708714,0.35771248,0.13353357,0.29164782,0.11173058,0.26620704,0.15033829,0.28620926,0.15510571,0.25633204,0.1269498,0.21244618,0.13984174,0.20999478,0.13845544,0.24983048,0.055984482,0.101418406,0.18139027,0.45881543,0.6938301,0.38862622,0.60750496,0.32505202,0.5648693,0.2463271,0.4936496,0.2592135,0.4463924,0.1662764,0.3436201,0.10854278,0.29384091,0.12870777,0.3734835,0.056892864
44o,0.76439786,0.20825678,0.21913995,0.93892515,0.28082207,0.30087554,0.37916368,0.40251002,1.0000001,0.22824949,0.24620149,0.41664463,0.46733007,0.39195862,0.4080502,0.9358627,0.26625064,0.31054598,0.38153177,0.44946778,0.3953698,0.5047781,0.32180858,0.3496839,0.80422544,0.21672563,0.273848,0.32818455,0.38086846,0.29966107,0.39737353,0.26126912,0.34825772,0.26141024,0.28736275,0.6492779,0.17930442,0.23166536,0.28374934,0.32055897,0.23770155,0.30323035,0.1477107,0.2467833,0.24225372,0.2992602,0.09704387,0.15551543,0.5648009,0.1636377,0.19435972,0.25142598,0.25416473,0.17827277,0.20642255,0.08631393,0.16008866,0.13106059,0.20719734,0.061009,0.15484598,0.022118248,0.09460053,0.59286755,-0.11788211,-0.06551045,-0.06200264,-0.10056716,-0.09769444,-0.15457027,-0.122372255,-0.115419835,-0.11077128,-0.11369499,-0.09339832,-0.11491289,-0.11128186,-0.09094055,-0.08556755,-0.0943159,0.3144241,-0.06488525,-0.08443275,-0.022065638,-0.020996794,-0.060144775,-0.058502257,-0.059480056,-0.036575958,0.11550525,0.1477511,0.12053509,0.12855057,0.06940441,0.07995218,0.030358184,0.10014836,0.063740335,0.11140107,0.032223582,0.078395285,0.017024022,0.045238875,0.05561867,0.10963166,0.55839723,-0.00986639,-0.017245948,0.16285919,0.23239379,0.13097268,0.18255356,0.061312623,0.1089582,0.07549045,0.13481173,0.07290698,0.115765214,0.030090522,0.07961356,0.017284535,0.070605956,0.045942027,0.079989836,0.031730298,0.07288592,0.43927532,-0.025463443,-0.01358414,0.04896585,0.055051897,-0.0041568186,0.012777552,-0.0022407863,-0.0030213948,-0.038721554,-0.039748564,-0.05708427,-0.071550295,-0.010938099,-0.0072689857,-0.016641859,-0.0030610655,-0.012311593,-0.0035658213,-0.01649299,-0.04094341,-0.04576448,-0.030462274,0.49658126,0.004858154,0.0005251877,0.17278293,0.20402369,0.20922232,0.22457635,0.14020629,0.1597979,0.10348823,0.11130347,0.15338197,0.18530308,0.035040878,0.10170155,0.0698725,0.1262015,0.022982564,0.07119833,0.59421897
52o,0.40529007,0.95485014,0.68609643,0.34177697,0.96384865,0.71646976,0.9231618,0.66972965,0.22824949,1.0000001,0.73188144,0.90635294,0.673327,0.86417234,0.59284717,0.12828416,0.976808,0.77188843,0.916347,0.6920231,0.8581064,0.6467495,0.8315033,0.59217745,0.06850857,0.9049307,0.73876536,0.81344,0.6372754,0.7831379,0.58605313,0.7588756,0.54218966,0.6836458,0.44173825,-0.028480954,0.8278741,0.6454905,0.69354165,0.50344235,0.6496601,0.44205123,0.6157271,0.36636525,0.55289817,0.2856401,0.43075156,0.15135904,-0.10657838,0.81974876,0.59397084,0.6236229,0.37997392,0.5995742,0.32446754,0.57047784,0.30361915,0.48793718,0.19925776,0.35267124,0.087957725,0.28387243,0.019582462,-0.09681377,0.3477787,0.21512578,0.17707722,-0.056416743,0.121317826,-0.07103546,0.17650597,-0.09840898,0.117249034,-0.07283628,0.09824612,-0.07768881,0.08289885,-0.087523155,0.11813357,-0.085184105,-0.17740631,0.12587316,-0.090329,0.075195245,-0.09671301,0.11131198,-0.098156534,0.12749296,-0.04020805,0.56925464,0.41607162,0.4273561,0.1994464,0.34031868,0.12970904,0.4119039,0.1733663,0.35477298,0.15362778,0.3061562,0.1207753,0.2558615,0.09279889,0.25241,0.010517035,-0.030489046,0.25377607,0.046600305,0.44678605,0.31664845,0.3192414,0.166861,0.19939272,0.06371258,0.2658702,0.10268196,0.1951171,0.06132396,0.17781524,0.012267709,0.17717804,0.032134116,0.2096572,0.0430377,0.19979092,0.0067120027,-0.066472106,0.24168809,0.05320415,0.23039804,0.065966554,0.52244836,0.36583737,0.3645715,0.20678292,0.30234817,0.13492844,0.37895957,0.17684028,0.3271931,0.16102616,0.29643872,0.12966926,0.25657466,0.095429875,0.25995573,0.07306877,0.29659197,0.097459786,-0.022314778,0.24287967,0.025322847,0.7755629,0.5240106,0.57097286,0.33249453,0.52415377,0.25414574,0.57301027,0.2616474,0.47765765,0.20073691,0.33934614,0.08236967,0.27263394,0.010399785,0.28835514,0.0045759613,-0.087589584
52s,0.3715075,0.66303396,0.9148984,0.33433855,0.65598273,0.9283306,0.6311478,0.8840241,0.24620149,0.73188144,1.0000001,0.615454,0.86988795,0.55292875,0.8262621,0.14853787,0.71245867,0.96772164,0.6547649,0.8926052,0.5461092,0.8264147,0.54990405,0.78738767,0.070152715,0.6328604,0.8737927,0.5301206,0.7552425,0.47202608,0.7527185,0.44254863,0.6937036,0.39554226,0.61246616,-0.07723015,0.52951276,0.7679251,0.37776482,0.5758325,0.32041752,0.56322277,0.28754756,0.5397764,0.23108542,0.41134652,0.099290125,0.3049094,-0.15090996,0.49521348,0.75061536,0.28757653,0.49883044,0.23608154,0.4538294,0.20813902,0.4532801,0.13650993,0.3321727,0.0077646337,0.17591883,-0.056196466,0.16408895,-0.10094136,0.14757681,0.3840665,-0.03587781,0.05906165,-0.091820285,0.050147332,-0.06431003,0.021444526,-0.11722237,-0.010854743,-0.1281366,-0.0234642,-0.11907622,-0.021489225,-0.07248914,0.028615462,-0.12632006,-0.03706674,0.054720566,-0.093995735,0.058836218,-0.086631164,0.018172862,-0.029141184,0.09276621,0.30527985,0.55125195,0.16543913,0.30221868,0.04254904,0.2473614,0.07971294,0.28309909,0.07587227,0.23302905,0.050285902,0.18064132,0.008768976,0.1889,0.013754783,0.15761957,0.011881949,0.016836107,0.24451284,0.2289692,0.394398,0.0707854,0.24225917,-0.0866081,0.10191602,-0.024343684,0.13198377,-0.077506,0.06796489,-0.07892372,0.008725166,-0.059573203,0.047762003,0.0062966743,0.09253559,-0.03053556,0.07790215,-0.08409667,-0.004317741,0.13003379,0.035493236,0.14154789,0.25600317,0.47376904,0.099353515,0.27308193,0.000902771,0.19509037,0.030790191,0.23402043,0.022379395,0.21045539,0.0066058002,0.14790905,-0.006886515,0.12867416,0.017778052,0.13935137,0.04541932,0.24423862,-0.024277955,-0.018596891,0.13169831,0.46585163,0.72451055,0.25696412,0.474148,0.17052464,0.41869086,0.17967877,0.42081365,0.12780014,0.3011128,0.009102434,0.17708448,-0.06397478,0.12771112,-0.018504046,0.24549389,-0.055741496
53o,0.481204,0.89015144,0.5918342,0.51623213,0.94027025,0.6663076,0.98279136,0.7071003,0.41664463,0.90635294,0.615454,1.0000001,0.7575855,0.95464694,0.65765727,0.28480494,0.891172,0.6741543,0.9562564,0.72350544,0.95002913,0.73186505,0.8717986,0.61278445,0.22440286,0.82529896,0.6485758,0.88247436,0.70425063,0.84589386,0.6419575,0.82636094,0.60992545,0.7314873,0.4651903,0.1322312,0.76324093,0.5745709,0.78809404,0.6060964,0.75153553,0.54128844,0.65701216,0.41601148,0.645272,0.37486365,0.50846803,0.22147726,0.01887543,0.75522,0.519639,0.7420649,0.49933696,0.7115213,0.4421258,0.6185376,0.36811307,0.5489982,0.2724491,0.4372816,0.18865934,0.347025,0.07387176,-0.010779238,0.17780708,0.016485527,0.12189238,-0.13051988,0.03963312,-0.1846756,0.04775822,-0.24171822,0.016449645,-0.19690275,0.019438159,-0.19836424,-0.027546586,-0.21701944,0.012174094,-0.22281696,-0.15911314,0.018074298,-0.2451127,-0.008577851,-0.21681894,0.020321893,-0.22792846,0.0126081575,-0.17443061,0.50715375,0.33542475,0.49162236,0.2630345,0.41115326,0.18452415,0.4190999,0.18719758,0.3618035,0.16058475,0.30387482,0.11334308,0.23693101,0.049859185,0.23470066,-0.00291477,0.008194076,0.2142074,-0.041863848,0.3445947,0.189749,0.30268207,0.118380114,0.17521164,0.0084444005,0.18208295,-0.0035493597,0.14629394,-0.018752594,0.124167,-0.052312855,0.10252013,-0.0574519,0.1198992,-0.05587823,0.10699075,-0.10255111,-0.024515834,0.15302907,-0.07236926,0.1368262,-0.050083462,0.4110974,0.21370818,0.37144095,0.17259544,0.30453378,0.10365058,0.34085065,0.08176249,0.3013612,0.0871539,0.26784018,0.05771672,0.20289043,0.0045219525,0.2049821,-0.021612072,0.2274748,-0.036644384,0.008977907,0.203213,-0.062493734,0.73495716,0.48307362,0.6879367,0.45142382,0.65189195,0.3835996,0.63929033,0.3448287,0.54873437,0.28705984,0.38330197,0.14097455,0.33184254,0.07070265,0.30505383,0.0055637755,-0.020557009
53s,0.46454233,0.6505495,0.85416627,0.5368332,0.68847215,0.9212579,0.7373985,0.95785874,0.46733007,0.673327,0.86988795,0.7575855,1.0000002,0.6918977,0.9345753,0.3405025,0.6540644,0.8679245,0.72116166,0.91635484,0.68195313,0.95054793,0.632328,0.8470421,0.25873464,0.5765489,0.7754935,0.6247431,0.82347006,0.5538593,0.79515874,0.548758,0.79547316,0.4875369,0.67971146,0.12563463,0.48256668,0.68791777,0.4935711,0.67723733,0.44395494,0.66223323,0.35519558,0.5895762,0.38056615,0.5523794,0.23959045,0.42369276,0.02421362,0.4583093,0.6784289,0.4320094,0.62360626,0.38620397,0.58915234,0.305506,0.5528669,0.26189616,0.44939128,0.17273043,0.33594257,0.07760956,0.26707688,0.033069108,-0.015798919,0.16436236,-0.060257778,-0.023012958,-0.122397184,-0.061578926,-0.14942828,-0.11164744,-0.16137443,-0.11089936,-0.14152934,-0.12350579,-0.17384459,-0.13361976,-0.12203967,-0.09393938,-0.07080211,-0.06792757,-0.081821695,-0.09924919,-0.035389345,-0.09568814,-0.080429435,-0.07327773,-0.013498064,0.26613948,0.46851727,0.25964704,0.37702054,0.16201282,0.32809708,0.14171332,0.33587307,0.14702526,0.28751746,0.11677427,0.22041923,0.053699594,0.17696513,0.049641494,0.16169806,0.09174797,0.024963282,0.1554353,0.15666975,0.27507353,0.09919435,0.21136975,-0.045006424,0.08923019,-0.040216107,0.071438566,-0.051089477,0.04059772,-0.06543375,-0.009714836,-0.07463006,-0.009602216,-0.03533076,0.016093392,-0.04604501,0.0027356083,0.011440778,-0.016815023,0.04146411,0.0048387283,0.04504841,0.17402309,0.32574865,0.15265943,0.26086444,0.06886624,0.21118312,0.066861846,0.19143921,0.07643178,0.19635493,0.0557151,0.13007434,0.009399541,0.07598237,0.023249675,0.06835683,0.045326382,0.1294763,0.058741264,0.0030455254,0.054722056,0.44719616,0.67345077,0.3975173,0.5960017,0.34044027,0.563747,0.2940503,0.53041446,0.25834346,0.42844892,0.12149626,0.2697014,0.056732144,0.21290946,0.047524218,0.25044322,0.051046558
54o,0.31773597,0.8305757,0.51367396,0.4195911,0.88147956,0.5756961,0.9524934,0.66532654,0.39195862,0.86417234,0.55292875,0.95464694,0.6918977,0.99999994,0.67781556,0.30642945,0.84246343,0.6011245,0.9194826,0.6631945,0.9731179,0.72419,0.937614,0.65828353,0.27190503,0.76706207,0.55713075,0.83668125,0.6311477,0.86208856,0.6227996,0.85969925,0.6185891,0.8048882,0.51685065,0.19086997,0.70607173,0.4829846,0.74241513,0.53215015,0.7695965,0.5374926,0.6926298,0.42924398,0.69977885,0.4061191,0.598782,0.2852016,0.08084809,0.69813305,0.43430692,0.7046702,0.4341961,0.7359511,0.43797547,0.6568319,0.3871465,0.6197887,0.31539807,0.52580994,0.23712793,0.47353864,0.1542407,0.039502963,0.14510748,-0.047305245,0.10287671,-0.18405409,0.098765954,-0.17212415,0.112466365,-0.23757064,0.07362618,-0.17398198,0.08237632,-0.18059516,0.030374689,-0.19669816,0.062082127,-0.21771002,-0.15135224,0.04458206,-0.25259084,0.01662544,-0.21342011,0.024947898,-0.24850707,0.04918784,-0.18510917,0.4941818,0.2954024,0.50635654,0.25441912,0.4902127,0.24978985,0.5156423,0.26944554,0.46561676,0.25174,0.41605696,0.2106143,0.35126817,0.13388422,0.34613332,0.060538746,0.03406529,0.33652833,0.028642548,0.29251754,0.12364121,0.27801904,0.07451326,0.24074191,0.04831176,0.2465391,0.040114217,0.22068928,0.028533008,0.20194961,-0.003564844,0.1851273,-0.0072585014,0.19627778,-0.014559355,0.16120572,-0.09825588,-0.008012272,0.20815156,-0.06416959,0.20179416,-0.021206139,0.3823282,0.16030255,0.372766,0.15403269,0.36994252,0.15468316,0.40996248,0.13670471,0.38113087,0.15433672,0.34424692,0.12100413,0.28815207,0.068732366,0.29648727,0.03509855,0.30976132,-0.01184906,0.024876993,0.28572708,-0.033319876,0.7033554,0.40947884,0.68575954,0.41679475,0.71517974,0.42141846,0.69985414,0.3751531,0.63923883,0.36538503,0.4975163,0.22056755,0.44696194,0.15276048,0.43569297,0.07619558,0.013089107
54s,0.24751623,0.5735278,0.8368291,0.395114,0.5945473,0.849574,0.66664976,0.95566577,0.4080502,0.59284717,0.8262621,0.65765727,0.9345753,0.67781556,1.0000001,0.33753327,0.5646002,0.80795866,0.6426307,0.86870706,0.6450634,0.9457077,0.65272295,0.94061184,0.297876,0.4800281,0.69349205,0.5344219,0.7576619,0.515711,0.7787099,0.5285979,0.81474656,0.5293691,0.7916866,0.18031074,0.37222794,0.59322125,0.3898682,0.58960307,0.3970675,0.6589684,0.33514532,0.6126819,0.39558443,0.6102998,0.30347285,0.55249995,0.09040861,0.33581537,0.5891201,0.32022643,0.54993224,0.3427377,0.5807343,0.2770564,0.5774741,0.2976302,0.532508,0.24315315,0.4299789,0.19449878,0.4244058,0.09708131,-0.04250129,0.1547059,-0.09244403,-0.058764767,-0.07216962,-0.013523802,-0.093658015,-0.07568601,-0.08661803,-0.04012802,-0.054654986,-0.055662088,-0.09070142,-0.06382093,-0.048716646,-0.029445622,-0.04220394,-0.04091784,-0.0397814,-0.06687166,0.022519011,-0.0963845,-0.058040496,-0.024075605,0.029036865,0.19487813,0.425457,0.21397936,0.35636634,0.1761212,0.38228044,0.16749986,0.40480247,0.21622087,0.39003995,0.21102156,0.34716362,0.16370842,0.3147287,0.15193579,0.2727139,0.111735195,0.13276917,0.27659792,0.10351098,0.25310817,0.057512157,0.20241208,0.004789605,0.17039059,0.014548633,0.16026269,0.039453957,0.15057582,0.039913442,0.10708103,0.03757982,0.10861597,0.07444817,0.1256224,0.022233956,0.056797925,0.039190874,0.05274881,0.11254113,0.10189419,0.14289728,0.09378071,0.2714124,0.10270506,0.23618187,0.08101969,0.2527613,0.07817699,0.24703056,0.13168395,0.28634736,0.12812328,0.238884,0.10329127,0.19006279,0.12444814,0.18457642,0.1168633,0.19992661,0.065501824,0.07337408,0.12291987,0.3452694,0.5999889,0.31777072,0.55332357,0.3276182,0.59863216,0.27031916,0.5531777,0.3079709,0.5322012,0.22390832,0.41004854,0.15597197,0.34731722,0.17045613,0.40208578,0.086480096
55o,0.60146767,0.10316102,0.11605025,0.78656816,0.16189307,0.17393799,0.2466584,0.2824016,0.9358627,0.12828416,0.14853787,0.28480494,0.3405025,0.30642945,0.33753327,1.0,0.17963265,0.20825554,0.2642384,0.3345525,0.32938385,0.43742472,0.3142483,0.3521044,0.94384503,0.1449065,0.18202001,0.23120831,0.27206355,0.252309,0.3544244,0.27420473,0.37593126,0.32336548,0.36591306,0.8265381,0.11804618,0.15983416,0.210793,0.23894191,0.21238849,0.28220725,0.20484045,0.32315803,0.33340982,0.4246294,0.21477021,0.30367312,0.7514983,0.08470599,0.0970202,0.1578254,0.15520436,0.14267421,0.17236865,0.13909519,0.23454393,0.24729927,0.3463228,0.18466987,0.29317445,0.13943738,0.22158334,0.75183773,-0.1796617,-0.114417195,-0.13966341,-0.15704161,-0.08714171,-0.11424151,-0.038411178,-0.0029861555,-0.010838226,0.014847145,0.014921112,0.0026771403,-0.011807665,0.013552519,-0.015421497,-0.0077115763,0.47685325,0.042377383,0.029689878,0.093625806,0.09482719,0.045121253,0.051166333,0.022406492,0.043916963,0.038085744,0.05839662,0.028750371,0.028215222,0.045804687,0.06028002,0.09696221,0.18365589,0.17093925,0.23196024,0.14963788,0.21204232,0.13186328,0.16861278,0.13971627,0.18826328,0.6967689,0.07181557,0.066390574,0.08262211,0.15761133,0.038377017,0.09771885,0.06697627,0.123810425,0.1545431,0.23056066,0.1812877,0.22874442,0.1277755,0.18998253,0.105890855,0.16388609,0.11047442,0.15929157,0.113480546,0.15042317,0.57227707,0.04331325,0.052749246,0.11056119,0.12555093,-0.08376323,-0.068392195,-0.09248592,-0.08999994,-0.054878086,-0.045704074,0.0002855938,0.015571027,0.082884684,0.11687085,0.06689733,0.099475935,0.06823114,0.086639516,0.03955017,0.038275752,0.027326167,0.043310054,0.6419963,0.05772514,0.052777305,0.06751815,0.08090203,0.095932394,0.09861169,0.0908958,0.10671339,0.13076277,0.15157528,0.24712396,0.3033467,0.1639403,0.23435292,0.17385988,0.2344906,0.092863046,0.13409932,0.71613795
62o,0.44579265,0.9161585,0.64408517,0.38345045,0.9277857,0.6705048,0.89124334,0.6345253,0.26625064,0.976808,0.71245867,0.891172,0.6540644,0.84246343,0.5646002,0.17963265,1.0,0.79652005,0.9374982,0.7213794,0.87465036,0.6637474,0.8567802,0.61414915,0.13363443,0.9590618,0.8035961,0.8688752,0.69922245,0.83506876,0.65206355,0.817107,0.60819304,0.74705786,0.5067845,0.046114292,0.8842307,0.7114038,0.75095505,0.56594026,0.70243406,0.50527763,0.6765801,0.44124082,0.6181905,0.3625185,0.47737193,0.21025005,-0.059540212,0.832074,0.60573703,0.63591653,0.38447145,0.6036866,0.33081365,0.5865767,0.33034727,0.51726973,0.24097142,0.3625667,0.11364384,0.2709038,0.027114602,-0.077003345,0.31384778,0.1915919,0.13622257,-0.09335735,0.051054977,-0.133867,0.14120041,-0.122083925,0.10047869,-0.08271456,0.065822385,-0.093667746,0.0350244,-0.12244116,0.05046024,-0.13649535,-0.19853643,0.049120076,-0.15226763,0.015596048,-0.14857936,0.04218555,-0.15564054,0.050197218,-0.10472434,0.54244995,0.39296004,0.38019755,0.15563805,0.28201947,0.075163774,0.38345972,0.15751307,0.34462664,0.15774219,0.28908774,0.11381369,0.21261232,0.05858458,0.19210833,-0.040135518,-0.047622405,0.18212982,-0.017733958,0.421954,0.30599153,0.27475438,0.13599075,0.12904786,0.004867996,0.2271356,0.07112698,0.17439781,0.04827898,0.14756414,-0.0107731875,0.13338956,-0.0027251507,0.15527238,-0.0067439163,0.13086978,-0.05547359,-0.086532004,0.17051792,-0.015432967,0.15848859,0.0030234894,0.47272876,0.32568657,0.2960382,0.14199297,0.21994813,0.0540835,0.32036173,0.11877413,0.29218653,0.13586284,0.25416458,0.09445657,0.19578551,0.038840882,0.18035226,-0.0007333653,0.20247084,0.01665044,-0.045553908,0.15275031,-0.05943518,0.7526713,0.5086295,0.54064107,0.30649763,0.48523924,0.22109611,0.56383693,0.26572043,0.4889412,0.22961426,0.33898896,0.095903076,0.25312123,0.00452985,0.24258922,-0.026472216,-0.09210319
62s,0.45556974,0.69738466,0.88625884,0.41969165,0.6982145,0.8999848,0.67464066,0.8667513,0.31054598,0.77188843,0.96772164,0.6741543,0.8679245,0.6011245,0.80795866,0.20825554,0.79652005,1.0,0.73825496,0.9231052,0.6292587,0.8557752,0.62918967,0.8167293,0.13084382,0.74479663,0.9483472,0.64951956,0.83352417,0.57674664,0.8105282,0.5545718,0.7619714,0.5049115,0.6793556,-0.0056234277,0.6448416,0.84547305,0.500065,0.6584018,0.43035,0.6331842,0.39439195,0.597398,0.34962177,0.4900679,0.19450176,0.36141923,-0.1124937,0.57661784,0.78247553,0.37208,0.52662486,0.31007043,0.47455347,0.28587335,0.48519945,0.22079965,0.37066337,0.07146809,0.20440534,-0.020452552,0.17031458,-0.095304444,0.14382981,0.3364418,-0.039192423,0.00079590315,-0.13583963,-0.046980463,-0.084630504,-0.046202257,-0.11328356,-0.05190336,-0.14273389,-0.0712951,-0.15959725,-0.09460289,-0.13255797,-0.06620128,-0.18522052,-0.11711569,-0.06342846,-0.15685527,-0.047329463,-0.15480483,-0.08934544,-0.10378116,-0.015352188,0.3428516,0.54453915,0.18142736,0.2776615,0.04274568,0.19871525,0.106880434,0.2673402,0.110483855,0.236013,0.07232857,0.16871394,-0.0006531598,0.13962282,-0.02156272,0.07764931,-0.032292828,-0.034404326,0.13716471,0.26198998,0.40144864,0.08779147,0.22796936,-0.10696271,0.048260313,-0.020508729,0.096852936,-0.05750019,0.05843173,-0.07153337,-0.012732472,-0.07256336,0.0051305005,-0.025027473,0.024293024,-0.07749594,-0.012384823,-0.12418302,-0.053919528,0.03596423,-0.0130192,0.054401062,0.26597124,0.44448075,0.09157391,0.22514682,-0.027073054,0.120146506,0.024783293,0.1724651,0.032983877,0.1809795,0.0095866565,0.11414807,-0.029402418,0.06527182,-0.032906424,0.04599721,-0.028994527,0.12418653,-0.072696045,-0.08516271,0.012203738,0.51712453,0.72555673,0.29854897,0.4705931,0.20193587,0.3973341,0.23886774,0.428857,0.19774437,0.33528465,0.056862984,0.1849221,-0.03720999,0.10874031,-0.026312187,0.18496405,-0.08203002
63o,0.45025924,0.8591066,0.5860893,0.48657155,0.8932446,0.628942,0.94578296,0.69117254,0.38153177,0.916347,0.6547649,0.9562564,0.72116166,0.9194826,0.6426307,0.2642384,0.9374982,0.73825496,1.0000001,0.7952625,0.94376016,0.7359088,0.8864278,0.64505494,0.21388906,0.9115525,0.7605366,0.9510238,0.7985458,0.92383856,0.7490332,0.85849535,0.65807736,0.777667,0.5331556,0.11127416,0.84671974,0.68123025,0.84673506,0.6831236,0.7993662,0.62285805,0.7126603,0.49749947,0.6590023,0.40364587,0.51572603,0.24992818,-0.028620636,0.79214734,0.56870687,0.74705154,0.5166706,0.7025356,0.44925317,0.60770947,0.36832964,0.55195016,0.2933716,0.39208543,0.15138063,0.286086,0.03277122,-0.0644753,0.25186026,0.1118443,0.16704474,-0.072509564,0.062334754,-0.14329898,0.090788655,-0.18146738,0.058045056,-0.13839701,0.025089923,-0.15865596,-0.030442426,-0.19527125,-0.006317127,-0.21271203,-0.20752966,-0.02425801,-0.24057664,-0.053775694,-0.22082222,-0.03320193,-0.23962991,-0.020171018,-0.17965905,0.52245814,0.38013998,0.47729182,0.27121854,0.36948362,0.17543857,0.39144814,0.17983708,0.3572384,0.17817037,0.28069863,0.108161464,0.18884218,0.029344464,0.16601278,-0.052104697,-0.045366846,0.14993538,-0.07037614,0.38997284,0.2616092,0.33080214,0.17644122,0.16662665,0.02263999,0.19357972,0.02175361,0.15528114,0.007337046,0.115027815,-0.057386976,0.0842113,-0.06297758,0.09751022,-0.071926825,0.048192095,-0.14055823,-0.086595565,0.097697794,-0.10714066,0.09241042,-0.07173246,0.43609458,0.2700384,0.36284152,0.18972717,0.27062863,0.09500966,0.30703065,0.07911722,0.29001305,0.10250192,0.24041557,0.05459982,0.15831989,-0.017884267,0.15044738,-0.05198862,0.15712434,-0.07445211,-0.057091184,0.12193182,-0.11120726,0.7365514,0.50754595,0.66313803,0.45323202,0.6062688,0.35986766,0.6053394,0.32719263,0.53693014,0.292308,0.36067086,0.13315271,0.26185817,0.021016471,0.23675226,-0.031407397,-0.07389276
63s,0.45316485,0.6163777,0.7970978,0.52842236,0.6401311,0.8274601,0.7099636,0.9006211,0.44946778,0.6920231,0.8926052,0.72350544,0.91635484,0.6631945,0.86870706,0.3345525,0.7213794,0.9231052,0.7952625,1.0000001,0.6915429,0.9209205,0.6544692,0.8389535,0.2666685,0.6919295,0.89755064,0.7315547,0.9318695,0.6768386,0.92654246,0.59967124,0.81649566,0.5448457,0.7109052,0.10464598,0.6002516,0.8047057,0.5993992,0.7776472,0.53266686,0.75730175,0.44488707,0.6770157,0.40019888,0.5448815,0.23847389,0.40779552,-0.040189017,0.51605266,0.7121782,0.47655764,0.647176,0.4007991,0.57880956,0.3071057,0.51864916,0.26841167,0.44075283,0.10001022,0.2443884,-0.011232836,0.1652944,-0.042492107,0.06412781,0.24492797,-0.018519735,0.020363696,-0.12787439,-0.04810313,-0.12465651,-0.08235495,-0.15041202,-0.09319686,-0.18058077,-0.12619841,-0.2245445,-0.15873656,-0.18949653,-0.13186058,-0.1468014,-0.17543812,-0.12436728,-0.20993131,-0.09578493,-0.21379805,-0.14671317,-0.16754957,-0.07620224,0.29594368,0.4995018,0.26280278,0.37319812,0.11778186,0.28561217,0.111916944,0.290943,0.12893684,0.26519495,0.06252363,0.16928005,-0.025723375,0.11698104,-0.047513783,0.07433296,0.019115355,-0.06413785,0.090955324,0.20588967,0.33622703,0.12889157,0.25745225,-0.075634174,0.064376,-0.048855588,0.059988834,-0.068710454,0.027509313,-0.10530703,-0.054835327,-0.12787715,-0.05509038,-0.08702137,-0.035881527,-0.15500839,-0.08408782,-0.08141843,-0.12192142,-0.04645411,-0.07988059,-0.011915634,0.20486532,0.3612374,0.14236036,0.25530022,0.01566946,0.15211828,0.01428501,0.13822722,0.039868314,0.15901715,-0.0030658348,0.07743912,-0.07159413,0.007286324,-0.06432049,0.00023820624,-0.064500846,0.0467003,-0.033630654,-0.11013686,-0.027370814,0.47052887,0.68578815,0.40564713,0.59492147,0.3076568,0.5127448,0.2769758,0.4815733,0.25404626,0.40445802,0.08207074,0.23373899,-0.032853708,0.12713434,-0.04024069,0.17412873,-0.022602636
