hand,22o,32o,32s,33o,42o,42s,43o,43s,44o,52o,52s,53o,53s,54o,54s,55o,62o,62s,63o,63s,64o,64s,65o,65s,66o,72o,72s,73o,73s,74o,74s,75o,75s,76o,76s,77o,82o,82s,83o,83s,84o,84s,85o,85s,86o,86s,87o,87s,88o,92o,92s,93o,93s,94o,94s,95o,95s,96o,96s,97o,97s,98o,98s,99o,A2o,A2s,A3o,A3s,A4o,A4s,A5o,A5s,A6o,A6s,A7o,A7s,A8o,A8s,A9o,A9s,AAo,AJo,AJs,AKo,AKs,AQo,AQs,ATo,ATs,J2o,J2s,J3o,J3s,J4o,J4s,J5o,J5s,J6o,J6s,J7o,J7s,J8o,J8s,J9o,J9s,JJo,JTo,JTs,K2o,K2s,K3o,K3s,K4o,K4s,K5o,K5s,K6o,K6s,K7o,K7s,K8o,K8s,K9o,K9s,KJo,KJs,KKo,KQo,KQs,KTo,KTs,Q2o,Q2s,Q3o,Q3s,Q4o,Q4s,Q5o,Q5s,Q6o,Q6s,Q7o,Q7s,Q8o,Q8s,Q9o,Q9s,QJo,QJs,QQo,QTo,QTs,T2o,T2s,T3o,T3s,T4o,T4s,T5o,T5s,T6o,T6s,T7o,T7s,T8o,T8s,T9o,T9s,TTo
22o,1.0,0.76211536,0.7527025,0.8995942,0.7739402,0.7566145,0.70353043,0.68196315,0.75201553,0.74746484,0.70813346,0.7188987,0.673595,0.65132093,0.56745434,0.61197793,0.71248233,0.68599856,0.59890777,0.56681496,0.6156154,0.5749053,0.5851417,0.5074992,0.5203617,0.6677567,0.65519,0.5775595,0.5633082,0.48491198,0.48678985,0.5407933,0.50698775,0.4477836,0.4044209,0.41062573,0.63444465,0.62442243,0.5172638,0.5155973,0.4685235,0.4685224,0.43169013,0.41883817,0.43249327,0.3956638,0.32227,0.28295508,0.3733874,0.6080868,0.59463626,0.48188996,0.4675048,0.45527962,0.4444697,0.4241632,0.4279378,0.40619242,0.4046249,0.36666524,0.34757617,0.3524655,0.34961623,0.36235067,0.48027167,0.37308222,0.33149332,0.23945045,0.23557921,0.18088953,0.26416367,0.13264498,0.30442786,0.1784793,0.27054247,0.13641603,0.30958998,0.15585938,0.2977473,0.14992714,0.24235934,0.23722228,0.1769537,0.25700796,0.17816247,0.28962508,0.19875278,0.25851056,0.13795052,0.52456135,0.4726338,0.41409728,0.3811943,0.32153833,0.2766965,0.3147805,0.27405146,0.34870324,0.29007682,0.31866086,0.23105314,0.29645818,0.26109412,0.33909795,0.25961512,0.29412082,0.2017669,0.14241941,0.45983866,0.43024218,0.35144258,0.29125124,0.27414414,0.2132688,0.2832494,0.26132342,0.29702842,0.24126622,0.31059167,0.20179622,0.34403086,0.26786572,0.36085337,0.26366383,0.32661647,0.23200528,0.25034064,0.25662127,0.14314906,0.30105436,0.25533372,0.5520105,0.4980812,0.46649086,0.41847974,0.33659956,0.30611432,0.39062792,0.33326158,0.40961346,0.34585068,0.37530255,0.31288016,0.3471375,0.28783467,0.31771636,0.27149168,0.18012357,0.11903266,0.25917035,0.2656436,0.15999699,0.5643691,0.51213855,0.4731279,0.4408815,0.39460346,0.40512422,0.41461965,0.3870062,0.39284903,0.36883906,0.31352744,0.2631696,0.37716216,0.2877263,0.2584064,0.2387017,0.33878273
32o,0.76211536,1.0000002,0.8746194,0.6523342,0.9693857,0.8441986,0.9558426,0.8121703,0.4208101,0.9672967,0.81173176,0.9237277,0.77085745,0.8592831,0.6574478,0.27953827,0.94131976,0.8094771,0.8671177,0.71053964,0.811252,0.65630144,0.793126,0.5953754,0.25051925,0.89449626,0.7616008,0.8435911,0.71792847,0.7272918,0.59068024,0.7158849,0.5847768,0.68393636,0.54405665,0.2114298,0.83931,0.7024172,0.7747546,0.6555328,0.6927563,0.5761173,0.624695,0.4787984,0.622628,0.48200473,0.5642439,0.4173852,0.15505128,0.80513597,0.65385556,0.71808654,0.5706498,0.68058896,0.5360564,0.59992427,0.468655,0.6115437,0.47107592,0.5419796,0.39543015,0.486661,0.33783332,0.14826645,0.5199637,0.2743436,0.37731764,0.17734726,0.2637066,0.09833602,0.3101344,0.037190516,0.34471777,0.09014998,0.29114056,0.053472888,0.3169379,0.073934995,0.31473035,0.073482886,0.11737676,0.22950432,0.10490654,0.2497201,0.11268738,0.2633292,0.10646177,0.2674027,0.069426954,0.66064876,0.481061,0.56377876,0.42682943,0.44014716,0.28665784,0.40093073,0.23400995,0.43493184,0.28684786,0.40031493,0.20914325,0.34106427,0.22886884,0.38511154,0.22327746,0.11676484,0.29406884,0.12303089,0.5535224,0.41352654,0.47217163,0.30317113,0.34276605,0.16714303,0.36973023,0.21703751,0.37953064,0.19711155,0.37965828,0.1668344,0.3886485,0.18632612,0.41590416,0.20705043,0.32782236,0.15387869,0.121063404,0.2932366,0.100664705,0.35402876,0.23084438,0.6327532,0.44093487,0.556687,0.38838908,0.41339597,0.2560238,0.41910022,0.21679138,0.45770544,0.2636284,0.43655732,0.23734954,0.3576125,0.16325939,0.35688052,0.19266137,0.22334453,0.06394089,0.09727401,0.27227134,0.08259036,0.73329276,0.56500536,0.66950697,0.5205111,0.5884,0.44727814,0.5630959,0.41131538,0.5516063,0.40973774,0.46187866,0.29298764,0.4230658,0.26488787,0.34307772,0.19544017,0.17636977
32s,0.7527025,0.8746194,0.99999994,0.6510476,0.84163105,0.94818866,0.8301384,0.95021784,0.43022412,0.8398621,0.9226733,0.79344183,0.88214564,0.7324109,0.8289344,0.30571896,0.8166831,0.9120582,0.7504992,0.82312906,0.68590504,0.79717124,0.6647657,0.76502174,0.25965437,0.77447593,0.863126,0.72235996,0.8154001,0.6119083,0.7268303,0.5869038,0.72642076,0.5424714,0.6953166,0.19099507,0.7204071,0.80942655,0.6523361,0.7476889,0.5677147,0.696333,0.4836963,0.60673213,0.47531092,0.6060957,0.39608675,0.55860615,0.14393204,0.6908319,0.7570469,0.6045775,0.67209667,0.5533179,0.63927585,0.4738542,0.58994013,0.4787436,0.6012165,0.39141122,0.4960001,0.3075183,0.46012244,0.15508035,0.43628603,0.4103692,0.32358143,0.29739374,0.19371173,0.21340871,0.24871172,0.17452307,0.29565805,0.20823401,0.23992652,0.15370268,0.271152,0.17871974,0.29351208,0.18236457,0.12563778,0.205487,0.20670292,0.22678627,0.20364158,0.23780324,0.20002316,0.24195938,0.18014358,0.5238254,0.55533415,0.44971564,0.5023181,0.30905336,0.35200748,0.27641517,0.3078282,0.30935565,0.36286396,0.2523922,0.26737896,0.18726704,0.29603684,0.23685311,0.285292,0.115234494,0.17263554,0.22434871,0.44193232,0.49652064,0.3789238,0.3957443,0.23812975,0.24221982,0.2621153,0.3065338,0.28166693,0.28079137,0.26466376,0.24935988,0.2529409,0.26549247,0.3114453,0.29694736,0.22870138,0.2365362,0.12867132,0.22254989,0.20361626,0.2757679,0.32515866,0.5295224,0.5306541,0.46398538,0.48188892,0.30711275,0.33950734,0.32984957,0.3390397,0.36276,0.36537322,0.31906122,0.33066624,0.24902748,0.2631363,0.2561508,0.29091853,0.14325967,0.18497418,0.10869665,0.18063563,0.16689242,0.62178135,0.66129154,0.57024086,0.6190556,0.4654372,0.5381826,0.44437596,0.51011723,0.4333739,0.50722605,0.32601425,0.37666184,0.253405,0.30904022,0.2039104,0.2954244,0.18431798
33o,0.8995942,0.6523342,0.6510476,1.0,0.70104825,0.6922527,0.68190116,0.6721348,0.8735586,0.65890867,0.6393301,0.7172067,0.69025415,0.66048396,0.6056841,0.7249947,0.63361114,0.6195889,0.6380929,0.6220439,0.65962315,0.62918717,0.56876975,0.5159077,0.6242387,0.5917733,0.5940049,0.62508506,0.6328097,0.53969795,0.5586689,0.54874766,0.5332846,0.46901584,0.44220102,0.5382634,0.5811511,0.5803077,0.59703255,0.608092,0.5386835,0.5538114,0.45422494,0.46535727,0.4690617,0.45358923,0.37624425,0.3741571,0.49047005,0.55901706,0.56319124,0.5788183,0.5937717,0.5150731,0.53120285,0.45814896,0.47887874,0.4547936,0.48059487,0.44149932,0.44665965,0.39155546,0.4035974,0.46027577,0.38445002,0.30775708,0.380138,0.34116006,0.2477937,0.23210779,0.26134813,0.16122282,0.26046807,0.18129686,0.25699967,0.17238714,0.29762638,0.18675572,0.2928084,0.1814392,0.26987275,0.24980876,0.21088411,0.2680566,0.19163124,0.2999128,0.2232232,0.2722744,0.17230588,0.4921235,0.46214935,0.52513105,0.5132744,0.3772806,0.3542797,0.36848196,0.339888,0.38560215,0.344174,0.3722788,0.31172192,0.32631183,0.31870082,0.36642954,0.3111551,0.35471225,0.20698102,0.168677,0.41092014,0.38157177,0.43062785,0.39652875,0.31377175,0.27141094,0.318179,0.29113257,0.3083049,0.26915497,0.3332265,0.24070959,0.33818343,0.26577583,0.33484164,0.26705018,0.32574165,0.23888224,0.28118587,0.24230294,0.15428945,0.29045996,0.26712218,0.49218953,0.45619547,0.54543144,0.52082086,0.36432385,0.35169795,0.4221367,0.38325122,0.4129756,0.38615802,0.40162095,0.35778442,0.3407025,0.29672453,0.3163652,0.2795145,0.18041793,0.1330912,0.30938748,0.26813626,0.19096443,0.51729846,0.4810418,0.566766,0.557334,0.44767696,0.47289538,0.45094287,0.444282,0.41927215,0.41300854,0.37925887,0.358082,0.41446343,0.36270025,0.29384124,0.29356033,0.42457354
42o,0.7739402,0.9693857,0.84163105,0.70104825,0.99999994,0.8737158,0.96132445,0.8153959,0.46559894,0.9642321,0.8039397,0.94949603,0.8018881,0.8899172,0.67661166,0.29734963,0.9314797,0.8037736,0.86489236,0.7054165,0.85400975,0.6967527,0.7717623,0.5684203,0.24657154,0.88108695,0.7517673,0.84449893,0.7203411,0.74507695,0.6066755,0.7197223,0.5838856,0.6473119,0.49472052,0.21559227,0.8382794,0.7050363,0.7901924,0.6738306,0.7164405,0.60645604,0.6161823,0.4726254,0.62186545,0.47952104,0.54362833,0.37970692,0.14835168,0.7881931,0.6487358,0.72896606,0.5873827,0.68163174,0.54734796,0.5818293,0.44871023,0.5675843,0.4272949,0.53463113,0.3785482,0.4489875,0.28374678,0.12967643,0.52784294,0.27885067,0.41585177,0.2207981,0.2717489,0.09550074,0.29553053,0.02405188,0.3211273,0.07339615,0.27204674,0.034006022,0.28149897,0.042459592,0.27679753,0.04433328,0.088043205,0.19802499,0.06921287,0.20313343,0.075608104,0.23429891,0.08450017,0.24079674,0.043115523,0.6657862,0.47752497,0.59169567,0.4487201,0.4502167,0.29422727,0.39794874,0.22507226,0.40383032,0.2522377,0.3771976,0.18426436,0.30465072,0.20445679,0.370745,0.21125442,0.088526234,0.24991277,0.08773981,0.5788807,0.42310667,0.5209673,0.34424174,0.3743518,0.20063531,0.38536817,0.22079924,0.37345922,0.18122879,0.37603098,0.14096025,0.3791581,0.14986092,0.39519978,0.1740356,0.31218192,0.13152587,0.08633612,0.24428856,0.051878028,0.31072915,0.17482762,0.6396755,0.44827864,0.5935838,0.42272395,0.4172987,0.2755275,0.41921186,0.21870069,0.41872737,0.22454867,0.41298297,0.20218047,0.31923664,0.12716137,0.316104,0.14563727,0.17676882,0.026207604,0.06281207,0.24827908,0.061509285,0.721441,0.5474157,0.68135613,0.52854854,0.5849281,0.44685408,0.5497913,0.39155158,0.509248,0.35093167,0.42103204,0.24246839,0.40546516,0.24003844,0.28798234,0.13977039,0.1496675
42s,0.7566145,0.8441986,0.94818866,0.6922527,0.8737158,1.0000002,0.83716506,0.9312434,0.45752227,0.8378333,0.91876346,0.822211,0.93699014,0.7659159,0.8156265,0.30936775,0.79826844,0.8973754,0.74022067,0.80880624,0.7197529,0.8448206,0.6311066,0.6961295,0.24398756,0.74936044,0.83929616,0.7151342,0.80908614,0.6142578,0.7254492,0.5667092,0.7226816,0.4783607,0.5954027,0.1945395,0.6974796,0.7905809,0.6510578,0.7488567,0.5680989,0.70450425,0.44141856,0.56948894,0.4398448,0.5891065,0.34945577,0.4742358,0.14594163,0.6551908,0.7334445,0.5994599,0.6743501,0.5433024,0.6378285,0.4276352,0.5469686,0.4057438,0.52712774,0.37217495,0.4939979,0.28604546,0.4046679,0.14887904,0.45025727,0.41302428,0.36267287,0.34703973,0.21301712,0.21449316,0.22877713,0.1606819,0.27415612,0.19441916,0.2227941,0.141149,0.23680675,0.15737611,0.25481313,0.15365289,0.09834338,0.14631823,0.15320194,0.15955994,0.14454803,0.18793611,0.16945265,0.1949642,0.14602843,0.5254245,0.5516983,0.46864492,0.5314325,0.31360573,0.37339705,0.24648783,0.28386,0.2644786,0.32579425,0.22657852,0.25512528,0.1629055,0.2793135,0.23152038,0.29568514,0.08146147,0.12645955,0.17479876,0.47303784,0.5123565,0.43247992,0.44359106,0.26398677,0.2719545,0.2438089,0.28418213,0.26792675,0.25840366,0.2705382,0.23523672,0.26394257,0.24549617,0.3108113,0.2736297,0.20415503,0.21561292,0.089008994,0.16132064,0.1440952,0.231281,0.26562715,0.5353592,0.539983,0.5061309,0.5220831,0.30877647,0.35960165,0.2944193,0.31641635,0.30984607,0.31041515,0.30477217,0.30395812,0.21440323,0.23094273,0.23307954,0.25784373,0.0846702,0.13346568,0.075092204,0.15440914,0.17207608,0.60470337,0.63410175,0.57293737,0.6212565,0.46508202,0.5432695,0.4097673,0.4722077,0.3730504,0.43910003,0.2816738,0.32879364,0.25796005,0.33553156,0.17580096,0.24688074,0.16282867
43o,0.70353043,0.9558426,0.8301384,0.68190116,0.96132445,0.83716506,1.0000002,0.85202205,0.43811712,0.9429925,0.7938828,0.9722189,0.822043,0.9374131,0.72812456,0.2738071,0.91384876,0.7879183,0.91079557,0.75707996,0.872105,0.7159004,0.81146824,0.6134552,0.23824249,0.8711713,0.7408635,0.893961,0.77253336,0.7879679,0.64884037,0.74279517,0.61231405,0.6998313,0.5580112,0.2228363,0.82569855,0.6892711,0.8352265,0.719526,0.7503111,0.63626355,0.6465766,0.5099438,0.63335127,0.5017221,0.60328484,0.46554193,0.17080963,0.7764064,0.6370149,0.7748994,0.6364413,0.7137981,0.5796741,0.6104903,0.47480738,0.5987711,0.47229096,0.5763978,0.4319271,0.50340974,0.36241993,0.14866394,0.49856013,0.268569,0.4147835,0.24024509,0.2836561,0.12623695,0.31211683,0.05038535,0.33480674,0.09613413,0.29081,0.07146893,0.31669092,0.09441475,0.29936445,0.07701356,0.11648874,0.23685916,0.11156225,0.25134134,0.12060435,0.26514733,0.11551283,0.26720974,0.08060493,0.63858426,0.45361626,0.5970453,0.45724934,0.45328704,0.30209225,0.40486994,0.22580291,0.40291783,0.2598887,0.39728114,0.21690215,0.33582833,0.24801916,0.37847775,0.24327664,0.11621934,0.2874293,0.13931324,0.5335447,0.38682038,0.5135602,0.34826744,0.36585292,0.19945504,0.38301235,0.22029814,0.37486607,0.19388354,0.38627908,0.17763753,0.40104443,0.19169436,0.40783408,0.20421267,0.32995927,0.15358658,0.10876635,0.27514783,0.085091084,0.33586165,0.20431975,0.6002995,0.40895393,0.5835362,0.42139956,0.42113712,0.27444446,0.4106995,0.20497386,0.4204169,0.24480629,0.42360386,0.22676529,0.33397266,0.16455033,0.33869886,0.18488899,0.21604256,0.077719234,0.0957361,0.2570822,0.0933381,0.70040715,0.52568716,0.7058151,0.55183136,0.6051911,0.4566419,0.5573002,0.40084112,0.521675,0.3768727,0.46934396,0.30231786,0.42315117,0.28035808,0.33003324,0.1993474,0.17093115
43s,0.68196315,0.8121703,0.95021784,0.6721348,0.8153959,0.9312434,0.85202205,0.9999998,0.45397627,0.79782355,0.8990321,0.8219395,0.9273492,0.79428387,0.9249161,0.3087888,0.7734785,0.8914778,0.77705675,0.8712661,0.7396902,0.8692519,0.6751432,0.8134635,0.2503178,0.73923683,0.84230936,0.75371265,0.86913824,0.6699567,0.8011857,0.61017394,0.7703179,0.54995346,0.7371188,0.19895986,0.69762224,0.7959621,0.6954259,0.8074348,0.6211727,0.77192783,0.5035214,0.65007186,0.48577347,0.6423576,0.43568614,0.63305885,0.1633916,0.65950036,0.744484,0.6498051,0.7405877,0.58081824,0.692156,0.4852882,0.6088441,0.4710357,0.6209384,0.42871863,0.5400201,0.32867756,0.5061422,0.15485212,0.40045482,0.4055913,0.3599293,0.36400253,0.205372,0.23493238,0.23611836,0.1785016,0.2768892,0.21085554,0.2261245,0.15847643,0.25405067,0.18378134,0.2651337,0.16808504,0.10876028,0.19514559,0.19270213,0.20400403,0.19208726,0.21406282,0.18395184,0.22329675,0.17054005,0.49008718,0.5238708,0.47318614,0.53268987,0.30934623,0.3623932,0.27216268,0.3004299,0.2702825,0.33760455,0.23642896,0.27119347,0.1771026,0.32153976,0.2284078,0.30099192,0.1135404,0.16567545,0.24552327,0.42265698,0.4785277,0.42454603,0.45010492,0.2586101,0.2777937,0.28367063,0.3187585,0.28107256,0.28127542,0.27125537,0.2559481,0.26444885,0.26367918,0.29229525,0.28600314,0.20968238,0.21923113,0.102800645,0.1854034,0.17509447,0.24258944,0.29199064,0.49663237,0.5114727,0.49232325,0.52668613,0.31122333,0.3654856,0.3342537,0.34868413,0.33275458,0.3570762,0.30667806,0.3259689,0.23163007,0.2717605,0.24690962,0.28456438,0.14151178,0.20470755,0.098903924,0.17531614,0.17906404,0.5880866,0.6291299,0.6000651,0.65579903,0.47497928,0.54934067,0.43471152,0.50337774,0.39997628,0.48202378,0.3353658,0.38451916,0.25080684,0.32898176,0.18409635,0.30701342,0.17684418
44o,0.75201553,0.4208101,0.43022412,0.8735586,0.46559894,0.45752227,0.43811712,0.45397627,1.0,0.46011767,0.4618473,0.5070878,0.4936185,0.4925477,0.49032038,0.9248933,0.45602036,0.4567348,0.45688975,0.47138262,0.55054,0.5326547,0.4837996,0.4676877,0.7735689,0.42144096,0.44082358,0.43601516,0.46396706,0.45079258,0.4831629,0.48703438,0.47342995,0.39128196,0.37314767,0.663973,0.4356079,0.44159546,0.4251429,0.44770312,0.46452796,0.48574588,0.4373472,0.4636661,0.40896672,0.39167085,0.29922283,0.2957326,0.61092114,0.41310593,0.42758042,0.41153425,0.45332012,0.44365373,0.47415155,0.42565042,0.46911153,0.38624763,0.41045302,0.36882386,0.36948076,0.3412473,0.3412863,0.54565597,0.21143422,0.19290286,0.27406523,0.2801329,0.28956333,0.3210636,0.28652835,0.24554038,0.20432234,0.18983658,0.20703004,0.18368302,0.21172078,0.1496576,0.18620309,0.13942307,0.3144634,0.18835592,0.19762358,0.22456166,0.16798548,0.23035376,0.19550642,0.19905673,0.1348288,0.38294786,0.39101717,0.4211539,0.4457687,0.41898346,0.4370242,0.43908322,0.4485439,0.4059384,0.41001675,0.37796426,0.37027404,0.32657343,0.3322848,0.32633018,0.2710048,0.46360242,0.17845678,0.1570906,0.21726266,0.21799736,0.26630622,0.27770975,0.3152924,0.31563368,0.29886287,0.31646913,0.231595,0.24681732,0.23191807,0.19529766,0.21264961,0.18302329,0.15683402,0.15420672,0.21689367,0.17187543,0.32766294,0.15005629,0.1152668,0.15924738,0.18550819,0.34666553,0.35183603,0.39938247,0.43745992,0.38779113,0.41023278,0.4514487,0.45942605,0.38891155,0.42502752,0.34860817,0.35508823,0.31857997,0.29742986,0.24312942,0.23644261,0.16719705,0.13197675,0.38148835,0.23320405,0.17571436,0.37095314,0.36298472,0.39959693,0.4286885,0.39156356,0.45422518,0.4279066,0.45603803,0.36586878,0.39319652,0.33160147,0.3438725,0.38313755,0.34240225,0.24350922,0.26741487,0.5034231
52o,0.74746484,0.9672967,0.8398621,0.65890867,0.9642321,0.8378333,0.9429925,0.79782355,0.46011767,1.0000002,0.85348535,0.9409151,0.7934256,0.8935739,0.6786801,0.32676357,0.9609921,0.8410397,0.90046895,0.75435156,0.8568551,0.6911423,0.8349813,0.6185171,0.27624246,0.9032056,0.7842858,0.8537977,0.7380368,0.7727762,0.63299614,0.75739765,0.6142184,0.6827804,0.5210051,0.22443649,0.85892504,0.7371196,0.7865132,0.6868459,0.7234822,0.61434245,0.6933485,0.5509862,0.63330865,0.46852395,0.55085,0.37825558,0.1633852,0.821511,0.68820584,0.7314483,0.59660953,0.70423806,0.5666897,0.6376204,0.50175595,0.61184216,0.46825087,0.53828466,0.36912617,0.47785768,0.29896286,0.15062502,0.52603036,0.2943899,0.3927839,0.2160904,0.29739174,0.1346621,0.31841776,0.0638246,0.32567534,0.095939755,0.2858045,0.055037227,0.29530957,0.06500119,0.29114273,0.06332034,0.10644571,0.21736896,0.10672975,0.22793128,0.103355944,0.23711105,0.10193583,0.2533972,0.06792974,0.6929564,0.52421176,0.5934265,0.45938674,0.47778058,0.32938617,0.44876027,0.2845699,0.4267455,0.2903035,0.40260148,0.23089734,0.35569924,0.25618523,0.3843206,0.23846495,0.12408496,0.2858188,0.13720399,0.5748387,0.4460303,0.507914,0.35860172,0.37181967,0.22117208,0.38787642,0.25440246,0.3645779,0.20722494,0.38322118,0.18536639,0.3755202,0.17762525,0.4051302,0.20652856,0.3248586,0.16225183,0.10586132,0.27247542,0.085371874,0.3369925,0.21997726,0.66118217,0.48929143,0.5887328,0.43431258,0.4512118,0.31407052,0.46479875,0.27609476,0.44462064,0.27999663,0.43744823,0.2583382,0.35474342,0.1758551,0.35867056,0.19634216,0.2011999,0.061695814,0.08755146,0.2549241,0.08913344,0.75078315,0.59150517,0.68247527,0.53875613,0.60659134,0.46661332,0.5944762,0.4382326,0.5291143,0.37887305,0.4592028,0.29032737,0.4162072,0.24375576,0.31549037,0.17903315,0.18286236
52s,0.70813346,0.81173176,0.9226733,0.6393301,0.8039397,0.91876346,0.7938828,0.8990321,0.4618473,0.85348535,0.9999999,0.79823834,0.91058886,0.75858504,0.8266664,0.3611274,0.8156729,0.93823963,0.77369577,0.9004983,0.72440416,0.8320343,0.71462816,0.7802332,0.28648296,0.7620707,0.88071793,0.72154224,0.8354923,0.6454903,0.79159784,0.62932754,0.77318317,0.5436309,0.6554185,0.19771011,0.71241254,0.8354503,0.6427295,0.76966447,0.5762244,0.72602713,0.54277366,0.7114713,0.4681745,0.5807498,0.3622026,0.47716358,0.1439539,0.6813192,0.77717346,0.59497,0.6913089,0.5683333,0.67378324,0.5105715,0.63370115,0.46978116,0.6249626,0.38983688,0.48782578,0.32731736,0.42295042,0.1593856,0.43399376,0.42125595,0.32378837,0.32736325,0.23434407,0.2699231,0.25571546,0.20162493,0.26672372,0.19988786,0.21216188,0.13829796,0.23614328,0.16478537,0.25701198,0.16483365,0.118132375,0.16901354,0.19916783,0.19567439,0.17915392,0.19506788,0.18856718,0.1976537,0.16067144,0.5269934,0.58649844,0.44291413,0.5234585,0.33591077,0.4117729,0.2955855,0.34538534,0.27628684,0.3590139,0.23687921,0.28574896,0.20281014,0.33903974,0.2327548,0.30342835,0.10633346,0.16208896,0.2259524,0.44143844,0.52880085,0.3978036,0.4533543,0.25375265,0.30119938,0.25241476,0.3335861,0.24411778,0.2662929,0.25392208,0.25614327,0.23986559,0.25754735,0.3066621,0.2949773,0.20151594,0.21978486,0.11194764,0.20020087,0.18133852,0.25308606,0.31186372,0.54161423,0.5851425,0.48036295,0.53392833,0.35312364,0.42696244,0.35449645,0.40600026,0.33723858,0.38450605,0.320822,0.36057705,0.24500167,0.28167358,0.2693726,0.31824356,0.09458109,0.15406471,0.090587914,0.1464849,0.17163727,0.6248253,0.68736666,0.5633825,0.6404792,0.49176693,0.5781225,0.47019988,0.545446,0.40876615,0.486622,0.34402898,0.41380903,0.2656664,0.3068788,0.20942806,0.29226863,0.18330467
53o,0.7188987,0.9237277,0.79344183,0.7172067,0.94949603,0.822211,0.9722189,0.8219395,0.5070878,0.9409151,0.79823834,1.0000001,0.8521954,0.9295629,0.71117014,0.36611447,0.93024635,0.8049553,0.9412448,0.7899603,0.91598564,0.75208485,0.85321295,0.63928545,0.31011733,0.8720013,0.74476624,0.9071497,0.7890963,0.7947755,0.65583515,0.80894876,0.6735953,0.7277601,0.5694297,0.27438167,0.83429176,0.70417255,0.85124624,0.7416444,0.7594345,0.65089417,0.71376204,0.5799442,0.69529355,0.55193573,0.61353445,0.45363784,0.20639463,0.79582846,0.66363496,0.8049349,0.6710601,0.730347,0.6000088,0.683915,0.5461397,0.647348,0.52015054,0.61770475,0.46936372,0.5214893,0.35538015,0.17266478,0.4801417,0.26616403,0.40540534,0.24260876,0.2606189,0.11477219,0.31802875,0.061545756,0.30737454,0.08775501,0.25734526,0.049168058,0.27728575,0.06738866,0.26465502,0.054896917,0.083734326,0.21607961,0.09324115,0.20998007,0.0910623,0.23956425,0.097713955,0.24632397,0.064300455,0.65531814,0.46977225,0.6167372,0.4743606,0.47354862,0.3198652,0.46726003,0.28527743,0.42653447,0.28718668,0.4108738,0.2297569,0.34588706,0.26131424,0.39403284,0.2570381,0.12407581,0.27702597,0.13644883,0.56239545,0.41156656,0.533938,0.37984124,0.4024037,0.24275519,0.44289804,0.28130263,0.3955427,0.227862,0.40332827,0.18993591,0.41593128,0.19504692,0.41755196,0.21278946,0.34116912,0.15553103,0.09056035,0.25876683,0.06731076,0.33989826,0.19746943,0.61886364,0.43433887,0.6040234,0.45246062,0.44234273,0.308233,0.48108357,0.27575105,0.44084314,0.28234965,0.433994,0.24655211,0.34383884,0.17608385,0.33794796,0.18688244,0.20391442,0.065628834,0.087793246,0.27144268,0.09723112,0.7104963,0.5342247,0.72427225,0.5697683,0.6117146,0.4668238,0.6172646,0.45665592,0.5440372,0.39102063,0.47245353,0.3126262,0.4611735,0.30031258,0.32561836,0.19633725,0.18699126
53s,0.673595,0.77085745,0.88214564,0.69025415,0.8018881,0.93699014,0.822043,0.9273492,0.4936185,0.7934256,0.91058886,0.8521954,0.99999994,0.78359,0.8537421,0.3755023,0.7726759,0.8910485,0.8002388,0.8977797,0.7682126,0.9150922,0.69660854,0.77726424,0.29893854,0.7113346,0.8187241,0.76062065,0.87570214,0.64836735,0.7740634,0.6410366,0.8242944,0.53831035,0.6681176,0.24792787,0.6693821,0.7805199,0.6995476,0.8224448,0.59546113,0.75504416,0.525944,0.6863418,0.50309694,0.6704066,0.40113598,0.5474099,0.19671953,0.6434289,0.7427526,0.6677461,0.7637674,0.5810972,0.6930026,0.5208451,0.6514669,0.47285315,0.61819905,0.44040176,0.5815105,0.3459068,0.463011,0.18624419,0.3788388,0.39216638,0.34679246,0.37731346,0.19571173,0.24174769,0.23964009,0.20561972,0.23989685,0.20398161,0.19084328,0.15787269,0.21234365,0.1764938,0.2301783,0.16716775,0.11420395,0.15508105,0.1830074,0.17287093,0.17213161,0.18794861,0.19316877,0.18918127,0.16722897,0.4789907,0.5178558,0.47061902,0.547639,0.30836374,0.37951565,0.28613892,0.32187063,0.25515988,0.3326001,0.22077408,0.2715255,0.17005827,0.31126267,0.22237004,0.3124793,0.1096344,0.1190618,0.18990886,0.43140754,0.48519617,0.4290284,0.4772527,0.26674032,0.30660984,0.27785274,0.33286422,0.26023415,0.28657246,0.26640937,0.26665974,0.26464593,0.26346666,0.3006869,0.2915254,0.20938677,0.22638884,0.110919565,0.16870192,0.15926036,0.23169565,0.2706525,0.48766595,0.5096188,0.4984416,0.5464606,0.31305668,0.38125587,0.33938995,0.36331108,0.3034192,0.34571716,0.29384366,0.3223483,0.2153776,0.25704917,0.23255655,0.28098884,0.0852548,0.14750479,0.106634945,0.15351412,0.19179472,0.5759743,0.61003107,0.6067916,0.6636389,0.4820649,0.5602359,0.46562418,0.53202087,0.38771775,0.46014386,0.30474317,0.3769285,0.288067,0.38171792,0.18276194,0.27757522,0.19006588
54o,0.65132093,0.8592831,0.7324109,0.66048396,0.8899172,0.7659159,0.9374131,0.79428387,0.4925477,0.8935739,0.75858504,0.9295629,0.78359,0.9999996,0.7844847,0.34396264,0.8595177,0.7451444,0.8685069,0.73038006,0.9237079,0.76078594,0.88437736,0.67381036,0.28746992,0.81928426,0.69471383,0.85048115,0.74011064,0.8363405,0.6980174,0.8015739,0.65679574,0.7232275,0.56035537,0.2641228,0.7740641,0.6413887,0.78780264,0.6824291,0.78187686,0.6600484,0.69691086,0.56088173,0.6352502,0.49039745,0.61338246,0.45179608,0.21450207,0.7032813,0.57760066,0.7207144,0.5907047,0.7129291,0.5770953,0.6214549,0.48332125,0.5639208,0.44132632,0.5655003,0.41174307,0.51472473,0.3700964,0.1839979,0.46205556,0.24232331,0.4104851,0.24885067,0.3216421,0.16682838,0.32049623,0.06978201,0.313779,0.094368875,0.28931615,0.07010171,0.30577883,0.09340455,0.27685162,0.06326239,0.13118465,0.20760211,0.101259746,0.23729791,0.112310104,0.22356302,0.09377714,0.2470922,0.07133951,0.58061516,0.41056797,0.5605799,0.42764968,0.46918297,0.3390233,0.42128718,0.25159627,0.3794152,0.25615707,0.39248377,0.23922893,0.34142503,0.27125478,0.38078508,0.26537207,0.16160746,0.31329653,0.18982701,0.44972703,0.32406121,0.4801227,0.3445917,0.3690859,0.2352516,0.35602632,0.21937633,0.33164454,0.17722626,0.36503315,0.18204635,0.37668094,0.18956248,0.37622118,0.19603607,0.30543935,0.15104789,0.11790825,0.24334793,0.07332631,0.30874294,0.19544576,0.5352896,0.3709457,0.5512644,0.41662005,0.43498465,0.32035542,0.4086137,0.2257654,0.3911512,0.25895718,0.4130167,0.23965728,0.32704148,0.18275367,0.32982144,0.19156578,0.22432701,0.11150747,0.11051075,0.25254774,0.12451818,0.63705236,0.47151434,0.6603787,0.50933164,0.60871464,0.4619417,0.5557537,0.4006281,0.49166074,0.3569808,0.46585852,0.30594817,0.4303112,0.2962945,0.33885202,0.23982829,0.20555209
54s,0.56745434,0.6574478,0.8289344,0.6056841,0.67661166,0.8156265,0.72812456,0.9249161,0.49032038,0.6786801,0.8266664,0.71117014,0.8537421,0.7844847,1.0,0.36694852,0.65943414,0.8146665,0.68576545,0.8317896,0.7380752,0.9098903,0.69414866,0.90543926,0.2825718,0.6307852,0.7649021,0.66130406,0.81564337,0.68238693,0.85639334,0.61849153,0.81331587,0.5426582,0.77884924,0.23280713,0.5904689,0.7118296,0.60180515,0.74123967,0.6146365,0.7906557,0.50780797,0.6982768,0.45669433,0.64410526,0.4093565,0.6569688,0.20104915,0.5297501,0.6440039,0.5460239,0.6666879,0.5331814,0.66731805,0.44773787,0.59913677,0.40207896,0.5980154,0.37158984,0.5095506,0.29345694,0.5192149,0.18416262,0.307081,0.34295446,0.321085,0.3542905,0.22950523,0.2828235,0.21990569,0.19095714,0.22715175,0.1914447,0.19907665,0.14655295,0.21515779,0.16249484,0.23232697,0.15519735,0.13651396,0.17897528,0.20377511,0.20530598,0.19670925,0.18477972,0.17642206,0.2120009,0.16518228,0.37557018,0.43705073,0.3954009,0.4742782,0.29365298,0.3760265,0.25834456,0.31142184,0.22337325,0.31861842,0.19486384,0.27409554,0.15183106,0.33714008,0.20602705,0.30879596,0.16245389,0.17919846,0.3002343,0.30536407,0.39107728,0.36884916,0.43124747,0.25735047,0.31191397,0.25551236,0.32072857,0.23202355,0.25867867,0.22473027,0.24583696,0.20232074,0.23252285,0.23217727,0.26316032,0.18426822,0.22344796,0.1275853,0.17040093,0.1836896,0.21836399,0.29518333,0.38088673,0.43742782,0.42321816,0.49386474,0.30305123,0.39535654,0.3173276,0.36766744,0.2906937,0.36344332,0.26601487,0.32410228,0.20039533,0.2759204,0.21431056,0.28246325,0.16257498,0.25500488,0.12458136,0.17848042,0.20468335,0.46544245,0.54095304,0.5021412,0.5853799,0.43356177,0.5271039,0.39023852,0.4821202,0.34119985,0.45132902,0.29011723,0.37607455,0.20838751,0.32241222,0.16595319,0.3493578,0.2097567
55o,0.61197793,0.27953827,0.30571896,0.7249947,0.29734963,0.30936775,0.2738071,0.3087888,0.9248933,0.32676357,0.3611274,0.36611447,0.3755023,0.34396264,0.36694852,1.0000002,0.357133,0.37864125,0.3615935,0.4063826,0.44100896,0.4514908,0.42890975,0.43282506,0.8966096,0.32161805,0.35858628,0.32793808,0.37412533,0.34376788,0.40299743,0.4391074,0.45981622,0.35980648,0.36126798,0.7144388,0.32946733,0.35974073,0.30208677,0.34468296,0.34646106,0.38805926,0.40515485,0.4625141,0.37092918,0.38212773,0.22907889,0.23864594,0.64363563,0.3194907,0.35683066,0.29988045,0.3566633,0.33396754,0.3827802,0.39204586,0.46508703,0.3721405,0.4327645,0.2958868,0.33489594,0.26995987,0.29950914,0.59480846,0.10544206,0.14917633,0.1778229,0.20780917,0.24132746,0.3163134,0.33103502,0.3331214,0.20633577,0.23811562,0.17741361,0.19412346,0.17389876,0.1583029,0.15964478,0.15303935,0.30509403,0.16854861,0.19601455,0.20311014,0.1671811,0.19812118,0.17532016,0.18250072,0.14642546,0.29189068,0.3415181,0.32101196,0.37419784,0.35583535,0.41964763,0.44136453,0.5033353,0.42410105,0.4724084,0.36037758,0.38688466,0.28874525,0.31715542,0.28123486,0.2541389,0.48582873,0.16563222,0.1645425,0.122911006,0.15744394,0.17302449,0.20897457,0.2667944,0.28838828,0.3077237,0.36905676,0.25353637,0.32087588,0.20738779,0.21745163,0.15770888,0.17002447,0.124311075,0.1638272,0.18461558,0.1491887,0.3456132,0.13698983,0.11959597,0.16004933,0.20393366,0.22676288,0.26204634,0.2606128,0.32359055,0.2970847,0.34357566,0.4217702,0.46050903,0.3796846,0.4486667,0.28508422,0.32408205,0.2317756,0.24624772,0.19035047,0.21759294,0.14852186,0.11131205,0.40543103,0.21356621,0.16349694,0.27721804,0.30071607,0.2991021,0.3515783,0.29316473,0.38772854,0.39599264,0.46146274,0.372065,0.44739717,0.3167283,0.3766474,0.3516593,0.3447674,0.2627778,0.3066589,0.55624825
62o,0.71248233,0.94131976,0.8166831,0.63361114,0.9314797,0.79826844,0.91384876,0.7734785,0.45602036,0.9609921,0.8156729,0.93024635,0.7726759,0.8595177,0.65943414,0.357133,1.0000001,0.8770953,0.93554425,0.7840907,0.89882344,0.7209531,0.88511074,0.66545415,0.32134393,0.96242726,0.83999676,0.9052361,0.78740734,0.82235354,0.6788004,0.84001,0.6822906,0.79090405,0.6175,0.24562845,0.9098069,0.78431803,0.83290803,0.71946186,0.77220166,0.64946383,0.75980294,0.6090491,0.7413863,0.5682407,0.6271363,0.443877,0.15553644,0.8711409,0.731761,0.77239084,0.6267586,0.7424584,0.5968772,0.71206874,0.57043517,0.7023872,0.5631939,0.602386,0.41514772,0.4975183,0.3077942,0.12949002,0.48287413,0.26738316,0.3520322,0.17553674,0.25612327,0.10231897,0.31655693,0.05494927,0.29966214,0.06653436,0.22302814,0.0015626107,0.23471011,0.0111380415,0.2509724,0.023128906,0.044090766,0.17184208,0.06409992,0.16935809,0.04798967,0.18467475,0.04677341,0.2161158,0.030187283,0.71940106,0.5464058,0.6110592,0.4690217,0.51773,0.35647833,0.52570033,0.34881938,0.5036977,0.36219335,0.44662473,0.25546175,0.36059037,0.26336682,0.39766142,0.23792368,0.09156759,0.30357403,0.14948386,0.5748559,0.44400454,0.4901948,0.34658316,0.41539088,0.25240195,0.46067762,0.31154984,0.41554683,0.24738412,0.38738906,0.18797065,0.36885738,0.16277583,0.39368355,0.19954398,0.304135,0.14242513,0.051025845,0.23738429,0.050397873,0.34003678,0.21585502,0.65212446,0.4728365,0.55650026,0.4123931,0.45629817,0.3147928,0.518916,0.3140261,0.48525602,0.31939283,0.4370973,0.25151533,0.33661515,0.14757963,0.33312836,0.17114165,0.21311994,0.056221757,0.041157827,0.27750802,0.07967925,0.7809779,0.6190011,0.7060736,0.55821824,0.6329689,0.48838985,0.6595665,0.50162625,0.6214618,0.45671913,0.4998773,0.3315953,0.43940225,0.2491272,0.3454721,0.20019986,0.16157776
62s,0.68599856,0.8094771,0.9120582,0.6195889,0.8037736,0.8973754,0.7879183,0.8914778,0.4567348,0.8410397,0.93823963,0.8049553,0.8910485,0.7451444,0.8146665,0.37864125,0.8770953,0.99999994,0.8220605,0.90678847,0.7839773,0.86661255,0.77002674,0.82424057,0.3266462,0.8463874,0.9594556,0.7864455,0.8994739,0.7166098,0.8241076,0.71751106,0.83346397,0.64920574,0.7442757,0.22670987,0.7947247,0.9044545,0.70494676,0.8209553,0.6500019,0.77591425,0.6256123,0.7405824,0.5944959,0.6804462,0.45898417,0.5413889,0.14333785,0.76189137,0.8450656,0.6513649,0.73377085,0.6195389,0.7079066,0.5855332,0.69067806,0.56119746,0.66464156,0.45333105,0.49947372,0.33909044,0.40802306,0.13099825,0.4322968,0.4023714,0.34275582,0.32261422,0.22015935,0.21425262,0.2710752,0.18264663,0.26936817,0.18901806,0.18675007,0.10162932,0.18984959,0.1143183,0.2292563,0.11992829,0.043981466,0.13453248,0.14364299,0.12807603,0.10691888,0.13829532,0.113773614,0.17734917,0.12533072,0.60508806,0.6546952,0.5177085,0.582403,0.40482107,0.45906472,0.40100464,0.43600723,0.37907162,0.44926226,0.31000513,0.3323488,0.22414877,0.32984558,0.26336494,0.29561085,0.08732403,0.18825233,0.23111981,0.4789298,0.5505712,0.42596704,0.47552565,0.31372127,0.34048203,0.34145865,0.3922789,0.31244037,0.32690758,0.29095718,0.28171647,0.24729958,0.24669944,0.29384628,0.28280324,0.20411009,0.20733544,0.045836225,0.1676034,0.13273166,0.24729195,0.28762707,0.57139474,0.5998773,0.49706426,0.5493676,0.37300858,0.42921558,0.42658436,0.44566756,0.39096317,0.42638513,0.34281266,0.3687186,0.24147877,0.25310364,0.24896376,0.26805627,0.12986958,0.15646952,0.043513697,0.19166882,0.17415796,0.68419564,0.737577,0.60902613,0.67512906,0.52383304,0.59655905,0.5367328,0.60413957,0.49595436,0.54923445,0.37278756,0.40638307,0.28986263,0.30853596,0.22173102,0.2855021,0.16578344
63o,0.59890777,0.8671177,0.7504992,0.6380929,0.86489236,0.74022067,0.91079557,0.77705675,0.45688975,0.90046895,0.77369577,0.9412448,0.8002388,0.8685069,0.68576545,0.3615935,0.93554425,0.8220605,0.9999997,0.8599707,0.925667,0.763517,0.8841134,0.687205,0.33693883,0.8997366,0.7871137,0.96696585,0.8601714,0.8758403,0.7331061,0.8568262,0.72777086,0.8247303,0.6705065,0.29746926,0.8627668,0.7451253,0.9126302,0.8088941,0.8176197,0.70948416,0.80681986,0.67558813,0.76783514,0.62504244,0.68233865,0.5374979,0.20502362,0.82061654,0.6934074,0.8566224,0.7264216,0.78081775,0.64287066,0.74324787,0.6079819,0.7450249,0.6253272,0.6560008,0.49760303,0.5316264,0.35049257,0.16541915,0.41205385,0.24427487,0.3711043,0.2504892,0.26293844,0.14963898,0.32384208,0.111537606,0.28470632,0.09923819,0.23826617,0.06334032,0.25468752,0.07601181,0.26026654,0.07774945,0.046296105,0.2240529,0.12304698,0.20006692,0.08399669,0.22400819,0.09175931,0.2559414,0.09372639,0.65319085,0.4830644,0.6484052,0.51268834,0.5125264,0.3613985,0.5259041,0.352348,0.48012337,0.35339788,0.45457163,0.28398728,0.38449225,0.30295175,0.40167487,0.27097055,0.11887983,0.3081044,0.18360904,0.52519965,0.39697883,0.5256201,0.40065518,0.41258502,0.2717142,0.4730054,0.33578274,0.41298962,0.26430738,0.40405846,0.22735228,0.39126092,0.19696565,0.4017531,0.2324457,0.33220103,0.18092956,0.060166262,0.25548774,0.08842483,0.354691,0.24226458,0.575783,0.3974097,0.58197623,0.44135308,0.44617426,0.30454844,0.5165655,0.31438887,0.46018708,0.31936246,0.43385622,0.2647167,0.33553168,0.16665113,0.3407652,0.19463584,0.22487925,0.08994256,0.059274796,0.27128705,0.10964685,0.7111687,0.54853165,0.7538496,0.6058166,0.6408121,0.48449212,0.6571111,0.50337666,0.6032767,0.45099556,0.53609496,0.39060402,0.43982154,0.28543785,0.3380634,0.22701362,0.19789582
63s,0.56681496,0.71053964,0.82312906,0.6220439,0.7054165,0.80880624,0.75707996,0.8712661,0.47138262,0.75435156,0.9004983,0.7899603,0.8977797,0.73038006,0.8317896,0.4063826,0.7840907,0.90678847,0.8599707,1.0,0.7853226,0.8948574,0.7518226,0.8431535,0.359919,0.7464564,0.8632114,0.81612396,0.9346665,0.7346857,0.8740912,0.7086296,0.86673826,0.67234665,0.7943017,0.28047433,0.7035791,0.81872755,0.748044,0.8641916,0.65372264,0.7950207,0.634171,0.8104936,0.590959,0.7261321,0.47946587,0.62001175,0.2010721,0.66325957,0.7535174,0.6951873,0.79095805,0.6147896,0.7131906,0.5802417,0.69716525,0.5716414,0.75510037,0.4757056,0.58248425,0.36504078,0.4624192,0.1898533,0.32378802,0.37449092,0.3160922,0.36838436,0.21011443,0.2782432,0.26356655,0.24480726,0.2348856,0.21379182,0.17666692,0.15078816,0.20198815,0.17242388,0.23584512,0.17859672,0.07617471,0.18658191,0.22137104,0.18271701,0.17412663,0.19191663,0.18221468,0.21103892,0.18443607,0.48516396,0.5361451,0.5039973,0.57795465,0.37221777,0.4407183,0.36937535,0.40361837,0.3338423,0.42168647,0.29292086,0.3398847,0.24256498,0.3950462,0.25873283,0.32883996,0.12231954,0.19455643,0.27638477,0.39959404,0.4840648,0.4282384,0.50451154,0.3039945,0.3629152,0.34796858,0.423613,0.3101458,0.34689638,0.28834388,0.3112486,0.26458535,0.2874328,0.3155757,0.33107397,0.22697973,0.24757628,0.08650224,0.20722125,0.20461632,0.28198,0.34296232,0.45563927,0.4910875,0.4778514,0.5436666,0.34766322,0.41308433,0.41253206,0.4424657,0.35896793,0.42677173,0.32106724,0.36824548,0.236941,0.28201738,0.2623303,0.32062,0.13787787,0.19627126,0.08068175,0.18132016,0.19871566,0.58290684,0.6306389,0.6313297,0.69849783,0.51625156,0.5814039,0.51577246,0.5839539,0.47261843,0.54419816,0.41454485,0.50452054,0.29376143,0.35222557,0.23446815,0.34062883,0.22126345
64o,0.6156154,0.811252,0.68590504,0.65962315,0.85400975,0.7197529,0.872105,0.7396902,0.55054,0.8568551,0.72440416,0.91598564,0.7682126,0.9237079,0.7380752,0.44100896,0.89882344,0.7839773,0.925667,0.7853226,1.0000001,0.8210439,0.9190166,0.71234107,0.38321847,0.8689667,0.7511041,0.91130906,0.80550545,0.9201285,0.7746526,0.91601014,0.75528276,0.83788645,0.6554337,0.3282987,0.8285919,0.6972397,0.8535202,0.73562115,0.86145765,0.73562944,0.81181395,0.66515696,0.7951897,0.62664706,0.68635094,0.49834627,0.22452238,0.7523865,0.62293166,0.7743918,0.63937443,0.7812746,0.6349785,0.73212975,0.582628,0.7008272,0.56289476,0.65062743,0.46053967,0.51402557,0.31357452,0.16570726,0.36392358,0.17994192,0.34537542,0.20148975,0.26988465,0.13697752,0.29959574,0.062339265,0.24069561,0.04384527,0.20639311,0.006665931,0.20515431,0.011749387,0.20583084,0.012629718,0.0381878,0.16002078,0.060210373,0.16087778,0.040146112,0.16478543,0.034138136,0.20228991,0.027441021,0.60589135,0.4315439,0.5975332,0.45829043,0.5396162,0.39682654,0.53849304,0.35771787,0.4755082,0.34405026,0.45053065,0.27362046,0.35899127,0.29273418,0.39804867,0.2510861,0.13794187,0.2988503,0.17830226,0.45579717,0.32762378,0.47347993,0.35158423,0.4345757,0.29978526,0.46808422,0.31795356,0.3856346,0.22421509,0.37676436,0.18582672,0.35923085,0.1550012,0.3458991,0.17326014,0.28773922,0.13276833,0.05117862,0.20619074,0.04254982,0.3027422,0.18755817,0.52044845,0.35677338,0.53711003,0.41452968,0.463216,0.34824526,0.51100653,0.3183901,0.44139647,0.3064715,0.41785398,0.24000005,0.3048972,0.13870282,0.29381442,0.14732976,0.21154696,0.08489643,0.051762484,0.27390277,0.10150455,0.65883505,0.4919655,0.68677837,0.53680634,0.653495,0.503017,0.6547602,0.49560344,0.58792746,0.4239931,0.5060575,0.33796597,0.45338157,0.2799367,0.31329954,0.20306984,0.19229242
