hand,22o,32o,32s,33o,42o,42s,43o,43s,44o,52o,52s,53o,53s,54o,54s,55o,62o,62s,63o,63s,64o,64s,65o,65s,66o,72o,72s,73o,73s,74o,74s,75o,75s,76o,76s,77o,82o,82s,83o,83s,84o,84s,85o,85s,86o,86s,87o,87s,88o,92o,92s,93o,93s,94o,94s,95o,95s,96o,96s,97o,97s,98o,98s,99o,A2o,A2s,A3o,A3s,A4o,A4s,A5o,A5s,A6o,A6s,A7o,A7s,A8o,A8s,A9o,A9s,AAo,AJo,AJs,AKo,AKs,AQo,AQs,ATo,ATs,J2o,J2s,J3o,J3s,J4o,J4s,J5o,J5s,J6o,J6s,J7o,J7s,J8o,J8s,J9o,J9s,JJo,JTo,JTs,K2o,K2s,K3o,K3s,K4o,K4s,K5o,K5s,K6o,K6s,K7o,K7s,K8o,K8s,K9o,K9s,KJo,KJs,KKo,KQo,KQs,KTo,KTs,Q2o,Q2s,Q3o,Q3s,Q4o,Q4s,Q5o,Q5s,Q6o,Q6s,Q7o,Q7s,Q8o,Q8s,Q9o,Q9s,QJo,QJs,QQo,QTo,QTs,T2o,T2s,T3o,T3s,T4o,T4s,T5o,T5s,T6o,T6s,T7o,T7s,T8o,T8s,T9o,T9s,TTo
22o,1.0000001,0.3452239,0.27018145,0.8910828,0.4167845,0.33191097,0.26290923,0.17252328,0.6539378,0.2870987,0.23048006,0.24906552,0.14639448,0.08031825,-0.01117379,0.5236506,0.20051944,0.13492471,0.075328216,-0.027506396,0.047310755,-0.05474254,-0.11074311,-0.18036002,0.48098367,0.093666494,0.009265304,-0.08117151,-0.13473171,-0.11917704,-0.22730748,-0.115391225,-0.11890268,-0.19895199,-0.24043792,0.32239056,0.08082527,0.026135243,-0.13829172,-0.2247993,-0.11944723,-0.18586841,-0.1579018,-0.22950375,-0.1470654,-0.18033859,-0.16641015,-0.19578592,0.2978707,0.06878884,-0.0079128705,-0.1484146,-0.29056433,-0.12006433,-0.24500124,-0.09766444,-0.1941398,-0.22033978,-0.3525673,-0.12473587,-0.19929093,-0.11674783,-0.16058792,0.27609888,0.22085635,0.11067754,0.071479864,-0.025211021,-0.031110875,-0.04810779,-0.04096609,-0.10629538,-0.041296013,-0.105906904,0.026379175,-0.055489212,0.095850155,0.004679695,0.12262028,-0.0065269247,0.3068245,0.09666796,-0.005575232,0.051508628,-0.05772305,0.13338694,-0.004956864,0.07809173,-0.051585462,-0.10958943,-0.25855592,-0.31296664,-0.46064323,-0.30771932,-0.44499743,-0.36379877,-0.43912753,-0.4443055,-0.5392163,-0.37060517,-0.41427833,-0.27360165,-0.29265383,-0.15193659,-0.2096799,0.35706028,-0.14032695,-0.15440567,-4.8018992e-05,-0.047121502,-0.12629023,-0.21218018,-0.17194586,-0.24526097,-0.19405144,-0.24356654,-0.19787928,-0.26921374,-0.14421937,-0.2110683,-0.061558787,-0.14555484,-0.0027930662,-0.10143457,0.02783344,-0.09148331,0.31312045,-0.05492356,-0.13854738,-0.032961737,-0.13505821,0.04664351,-0.09010251,-0.12609792,-0.20789427,-0.09910864,-0.20338655,-0.14219469,-0.21756458,-0.17270012,-0.25869605,-0.119313434,-0.23271266,-0.027308911,-0.10750553,-0.0075548887,-0.054946303,-0.011034533,-0.086626,0.33080763,-0.0052458197,-0.053050555,-0.09167486,-0.18559399,-0.2819201,-0.4131266,-0.27052408,-0.3736782,-0.28130144,-0.41743946,-0.4018547,-0.46799585,-0.3864405,-0.40061998,-0.17643268,-0.24309583,-0.16530702,-0.23753805,0.24745186
32o,0.3452239,1.0000001,0.64817643,0.15258238,0.97344744,0.5953924,0.90206975,0.5186207,-0.13452537,0.9618972,0.6251085,0.8086618,0.40618688,0.7283064,0.29643488,-0.23011714,0.93141776,0.5609713,0.73854625,0.3609765,0.61440915,0.14640795,0.6456168,0.1680551,-0.28471416,0.8519406,0.49354428,0.63041544,0.18340413,0.55331236,0.10115299,0.43318397,0.024325347,0.46582818,0.088867486,-0.19938931,0.76085454,0.3875385,0.5853938,0.11733032,0.43364745,0.020996839,0.4323851,0.028001782,0.31181517,-0.06702526,0.31859225,-0.04463002,-0.15303738,0.7306173,0.41700774,0.6295792,0.19033638,0.46262193,0.09578902,0.504765,0.09054409,0.4954355,0.110929206,0.36715853,0.039170034,0.42977843,0.0945159,-0.117394984,0.7688315,0.3558931,0.6101966,0.22486322,0.4797353,0.14942373,0.4450677,0.05571652,0.45673734,0.10894078,0.48573482,0.17437088,0.52644235,0.22665067,0.5818559,0.21592975,-0.14405477,0.53335154,0.094869584,0.5155629,0.14238435,0.44663447,0.051003493,0.5326417,0.11171742,0.7185426,0.36812967,0.55168825,0.10270119,0.49072495,0.08195423,0.5067943,0.0712859,0.42890993,0.0009819148,0.34044677,-0.043204803,0.35630584,-0.08400607,0.42923853,-0.107080676,-0.23183084,0.44250736,-0.076278925,0.77371037,0.53379637,0.6243937,0.3437862,0.5088045,0.23739578,0.4814058,0.18742114,0.5256839,0.19963717,0.500682,0.18213849,0.5203131,0.2124932,0.55663764,0.27103683,0.49215245,0.13663289,-0.028468573,0.50065845,0.107238084,0.5394372,0.15721913,0.6760101,0.3200278,0.5276329,0.1247441,0.3882402,0.009592701,0.4057635,-0.043014415,0.37566116,-0.057409603,0.2681922,-0.056444034,0.27505118,-0.036209293,0.36946982,-0.01895005,0.32751617,-0.07804519,-0.21782278,0.28947392,-0.11083591,0.7237449,0.45073467,0.6223092,0.27627423,0.5319211,0.18028656,0.54870766,0.18308617,0.49267358,0.14652957,0.39996022,0.075215645,0.40139258,0.057294838,0.5578767,0.1340326,-0.15253577
32s,0.27018145,0.64817643,1.0,0.12610863,0.5992089,0.9742429,0.51245856,0.8863616,0.013430543,0.66413194,0.95682544,0.42445794,0.79597336,0.39916754,0.7073553,-0.037675895,0.6010011,0.8966981,0.34748042,0.6705192,0.23218317,0.5953992,0.27207762,0.63341266,-0.12465741,0.5144295,0.81409705,0.21024269,0.5277994,0.2020003,0.5186199,0.04358929,0.4703717,0.041336462,0.5101698,-0.09751618,0.42665678,0.7112208,0.15363173,0.50284857,0.1179698,0.4169622,0.07344723,0.431917,-0.0845567,0.32636967,-0.049681492,0.3377276,-0.01991264,0.46685016,0.7067931,0.24090953,0.5471778,0.21394612,0.42898166,0.24764326,0.46128106,0.18025109,0.44622582,0.032938484,0.35085005,0.08609497,0.39082134,0.024465084,0.38426378,0.61569417,0.18460675,0.5031157,0.1582995,0.4167678,0.08751119,0.3530884,0.045095816,0.3317685,0.07598657,0.36289135,0.103124365,0.4085559,0.16312993,0.4456181,-0.02948953,0.14781392,0.4075242,0.16150844,0.4242413,0.05066815,0.36400053,0.12381237,0.4013892,0.4321166,0.655769,0.21024099,0.45607024,0.21388662,0.4558305,0.24554645,0.46979997,0.13471167,0.35702968,0.01838426,0.29072586,-0.02485371,0.2702393,-0.044091403,0.33897138,-0.09768948,-0.005487915,0.36529067,0.4762554,0.72814894,0.30005002,0.5606732,0.26684344,0.5057742,0.22708769,0.43563202,0.23620048,0.44101214,0.19323121,0.39512047,0.1837516,0.41591543,0.19076604,0.4780791,0.124832146,0.4420088,0.039434955,0.15908821,0.43012238,0.17095284,0.43918237,0.35913205,0.58659613,0.16310532,0.41994077,0.13345727,0.31832132,0.1693679,0.2986302,0.07027858,0.25891256,-0.025165528,0.22349238,-0.061708145,0.21624523,-0.02256276,0.28386125,-0.12284158,0.3313938,-0.10571982,-0.15729146,0.27474165,0.50899786,0.70887566,0.33351842,0.5873688,0.32454237,0.5397822,0.3510672,0.53219306,0.23431364,0.47498894,0.12637816,0.36756912,0.08473022,0.33842617,0.20871222,0.45078555,-0.04318576
33o,0.8910828,0.15258238,0.12610863,1.0000001,0.26782316,0.22792874,0.21288186,0.1887763,0.8722825,0.099791124,0.08132146,0.2510312,0.20331292,0.09849439,0.04536595,0.6741358,-0.018046252,-0.039911773,0.038702123,-0.014448367,0.061301902,0.014466777,-0.21919662,-0.23315935,0.5212547,-0.12711605,-0.16194808,-0.07453656,-0.08016064,-0.11867297,-0.1654921,-0.21395548,-0.17422016,-0.36091053,-0.37584078,0.36927193,-0.13508008,-0.16719249,-0.10301087,-0.12153893,-0.09592947,-0.1188716,-0.26385418,-0.29583618,-0.28763604,-0.2691713,-0.29901415,-0.29618332,0.38747358,-0.15177944,-0.18413225,-0.12558919,-0.20857415,-0.111084856,-0.18104427,-0.22385526,-0.26303858,-0.36790442,-0.4555431,-0.21910049,-0.24541467,-0.22700852,-0.22959177,0.37505907,-0.05250511,-0.08572278,-0.0019652247,-0.03545095,-0.1361923,-0.12285241,-0.22379318,-0.22217667,-0.25118214,-0.2754694,-0.14853007,-0.18330042,-0.07451228,-0.13191295,-0.07715283,-0.14663275,0.30904198,-0.11822036,-0.18723153,-0.11254176,-0.19908944,-0.0264851,-0.11549151,-0.14014794,-0.20355032,-0.2905402,-0.38366818,-0.27021724,-0.35690352,-0.2637217,-0.3500596,-0.44826117,-0.49014822,-0.51375973,-0.5534613,-0.41897565,-0.42908466,-0.32170796,-0.31293154,-0.23104922,-0.20617126,0.4126616,-0.26030958,-0.2398464,-0.2114993,-0.2603709,-0.16146588,-0.21682501,-0.20973341,-0.2789967,-0.3252831,-0.3673743,-0.36905858,-0.40034416,-0.29031426,-0.32748023,-0.19875897,-0.26490322,-0.14495774,-0.23092338,-0.17079422,-0.24084966,0.28957668,-0.2356788,-0.28071177,-0.21250944,-0.30574584,-0.1712364,-0.2666963,-0.13381816,-0.16900325,-0.12789404,-0.19375497,-0.28161782,-0.29977787,-0.3141234,-0.3545655,-0.20840356,-0.2953878,-0.14195397,-0.17667307,-0.14975621,-0.14544299,-0.19573733,-0.21605566,0.3508335,-0.16046453,-0.13349895,-0.27284974,-0.3209984,-0.25827444,-0.33312908,-0.24935433,-0.29690525,-0.36512944,-0.43352485,-0.4879527,-0.5164485,-0.44673774,-0.45463872,-0.24436307,-0.25680467,-0.27273452,-0.29632545,0.3445916
42o,0.4167845,0.97344744,0.5992089,0.26782316,1.0,0.58899033,0.92489105,0.52039605,-0.007972192,0.9631363,0.5961612,0.8779144,0.44036502,0.7834263,0.32523835,-0.13880043,0.9034012,0.50985265,0.7735756,0.3585708,0.69584537,0.18648668,0.6414149,0.14172143,-0.24889421,0.8006732,0.4250225,0.64648825,0.18398967,0.5923721,0.1180684,0.45229584,0.00957886,0.407302,-0.017071187,-0.20342293,0.70835036,0.32101488,0.5871941,0.10575714,0.46186712,0.049200997,0.41733417,-0.010196716,0.27381223,-0.14679694,0.2516988,-0.15251237,-0.1483014,0.67880356,0.34573334,0.6250817,0.16002707,0.47789192,0.09938372,0.48574212,0.062244393,0.4198066,0.011598077,0.31852165,-0.0525647,0.36811784,0.00045917928,-0.12369922,0.70553267,0.25312248,0.6116959,0.16767214,0.47628385,0.10066025,0.4177561,-0.02563245,0.38849384,-0.013450071,0.41854307,0.06127627,0.4761117,0.12219587,0.5261563,0.09993964,-0.18391511,0.4743334,-0.0051290337,0.45111543,0.037265584,0.42069602,-0.03659843,0.4683717,0.0050603617,0.6962882,0.30166122,0.5538358,0.060320552,0.52375156,0.07629439,0.48959726,0.012723858,0.35860285,-0.093642354,0.27459446,-0.14798078,0.28720477,-0.18548225,0.3895419,-0.18325505,-0.21263115,0.3788996,-0.15408328,0.75868565,0.48046017,0.650064,0.32910168,0.53938323,0.22306149,0.47920787,0.14112318,0.48001742,0.11655001,0.46075684,0.109079555,0.5035113,0.15634724,0.5521609,0.2141987,0.49991292,0.07993529,-0.030608611,0.47991574,0.044671793,0.53112584,0.09279008,0.67808306,0.27054006,0.5618715,0.11716187,0.44724908,0.02830829,0.41636655,-0.06673114,0.34905872,-0.12743188,0.24797782,-0.11980808,0.27217698,-0.08622288,0.36330962,-0.061223477,0.34353736,-0.120880015,-0.18241498,0.31435984,-0.1462408,0.68059045,0.38920495,0.61315525,0.23271321,0.5433671,0.16761412,0.5259886,0.1361514,0.42362657,0.0547798,0.31910622,-0.04146067,0.34858185,-0.031296358,0.49411935,0.0434069,-0.15291849
42s,0.33191097,0.5953924,0.9742429,0.22792874,0.58899033,1.0000001,0.48353094,0.89219284,0.1553758,0.643405,0.96150094,0.43492022,0.85169935,0.40492147,0.7393393,0.085706495,0.56298,0.8934481,0.33077395,0.6748875,0.26474604,0.67231387,0.25174338,0.6554282,-0.05002046,0.45655793,0.7901794,0.17313465,0.5295394,0.19676684,0.55018514,0.047371592,0.5185125,-0.019988593,0.46873838,-0.0792392,0.3717763,0.69889456,0.101664454,0.49093494,0.11618806,0.46533617,0.048396174,0.4549615,-0.12796736,0.31954157,-0.12910885,0.28210533,0.003901654,0.41922206,0.6885045,0.18555833,0.5230906,0.20489629,0.44744566,0.22987163,0.48561734,0.1028973,0.4000493,-0.022615664,0.31258506,0.015122855,0.3359215,0.04773435,0.2735313,0.511901,0.097016536,0.42059597,0.085957915,0.35103464,-0.011438178,0.25866365,-0.09038049,0.19244067,-0.06955622,0.22344202,-0.024370901,0.27613318,0.039953146,0.32531658,-0.06553913,0.020120043,0.31042343,0.030645702,0.30790818,-0.055981405,0.27240905,-0.0049452567,0.29811972,0.40963525,0.6379886,0.1700533,0.4204513,0.22733806,0.48090643,0.22987905,0.47177938,0.06530543,0.31592977,-0.055969518,0.23058909,-0.11784501,0.21650639,-0.106114626,0.3293566,-0.053157784,-0.07026735,0.35452542,0.42692256,0.6829978,0.24976026,0.50785875,0.24434853,0.48084468,0.18251435,0.38303387,0.1486889,0.35335422,0.097130544,0.2973148,0.100421734,0.3289462,0.12039306,0.4025514,0.068352446,0.39171523,0.028260503,0.076395765,0.3651478,0.09725416,0.375106,0.33999133,0.57003653,0.12960258,0.40030128,0.14906085,0.3411876,0.1617128,0.2984435,0.018214084,0.21812224,-0.08649649,0.16660617,-0.1108464,0.17786834,-0.06871709,0.2707816,-0.15737712,0.31895837,-0.07324206,-0.17649414,0.2908425,0.47360894,0.68858737,0.28958946,0.5474145,0.3187363,0.5524603,0.33638942,0.5303426,0.17081779,0.43602595,0.042358585,0.29914004,0.030074447,0.3069824,0.14724684,0.41382772,-0.008290717
43o,0.26290923,0.90206975,0.51245856,0.21288186,0.92489105,0.48353094,1.0,0.58942544,-0.051169172,0.8867257,0.512341,0.9574818,0.500087,0.91242105,0.45173216,-0.1774385,0.82674634,0.42405775,0.8719875,0.46814582,0.8280846,0.2856898,0.72501934,0.19341193,-0.2873957,0.7303602,0.34061575,0.7600935,0.29212984,0.7363395,0.24673685,0.5015823,0.028249335,0.4233259,-0.010291483,-0.2537848,0.603862,0.1718947,0.6614677,0.17047946,0.52651906,0.08452381,0.43138123,-0.034101564,0.21275073,-0.20907633,0.19437937,-0.21750219,-0.20611003,0.5474194,0.19682351,0.67832285,0.18876976,0.5027678,0.11838514,0.43302062,-0.01950431,0.3617559,-0.06294786,0.23039801,-0.13121809,0.29533368,-0.070808165,-0.1538048,0.6805556,0.2871144,0.72624826,0.33483902,0.6262566,0.26580364,0.513285,0.10416775,0.4327647,0.06340131,0.46895164,0.13488957,0.5242219,0.20369625,0.58756524,0.20552011,-0.14431973,0.55718875,0.07566419,0.5302936,0.12288357,0.48259234,0.04299958,0.55405635,0.114263654,0.5727156,0.19777219,0.61459494,0.1552765,0.5772349,0.14488837,0.47617817,-0.0018432885,0.32724255,-0.111576974,0.23328698,-0.18280461,0.27523863,-0.19874206,0.39327657,-0.16334045,-0.20833185,0.4234548,-0.13076457,0.67994446,0.40715632,0.7272371,0.44777957,0.62805843,0.3291526,0.52764004,0.21113488,0.48450047,0.1682724,0.45960528,0.13923243,0.5096058,0.19194642,0.579498,0.26833597,0.51709765,0.12911656,-0.0190012,0.51762784,0.09559355,0.58068204,0.17008714,0.5333472,0.14985295,0.5919875,0.18661897,0.46649295,0.07834506,0.38956353,-0.049078673,0.29612106,-0.14037995,0.196917,-0.14324439,0.2122658,-0.1180512,0.32552496,-0.074174084,0.31439477,-0.12123306,-0.20274302,0.2816595,-0.15810162,0.5623835,0.26939017,0.6491231,0.28467938,0.5686393,0.20135848,0.48647434,0.10681882,0.37418723,-0.0053679496,0.27107513,-0.085782014,0.28116786,-0.0743905,0.464072,0.03278915,-0.13443732
43s,0.17252328,0.5186207,0.8863616,0.1887763,0.52039605,0.89219284,0.58942544,1.0000001,0.11744164,0.55704576,0.8610485,0.5610786,0.9474596,0.5717698,0.91347843,0.042805064,0.46510488,0.78149676,0.45739678,0.8107304,0.43466988,0.79605496,0.33283785,0.7125911,-0.096648626,0.36273435,0.6817895,0.31678092,0.66897506,0.36583138,0.70590574,0.09532527,0.5271636,-0.026325803,0.45886788,-0.13321161,0.23891109,0.51471496,0.20247549,0.59162915,0.19364722,0.5174031,0.043429904,0.40666375,-0.20888038,0.23257305,-0.19905952,0.20550007,-0.05509808,0.26078075,0.5106672,0.26897225,0.58096874,0.23942271,0.48074305,0.15772797,0.3834943,0.019389272,0.29720798,-0.120795354,0.22574414,-0.07216582,0.26342785,0.011514436,0.2631201,0.5744324,0.28223854,0.66077185,0.2966228,0.57319087,0.13423595,0.4386199,-0.0075794794,0.31392944,0.02607515,0.34859186,0.066108674,0.40649438,0.13270584,0.46179307,-0.018204216,0.13845894,0.4167568,0.14539994,0.42829287,0.05176519,0.39077058,0.114264205,0.44042516,0.2736568,0.5239781,0.27118215,0.5655958,0.30555898,0.57863176,0.2149587,0.45327452,0.02637247,0.2966661,-0.0980997,0.1980682,-0.12623896,0.19957766,-0.09991266,0.35120887,-0.045539208,-0.03399522,0.37185884,0.3704303,0.63450676,0.39907044,0.7097958,0.39460233,0.648258,0.27834484,0.50460494,0.18879974,0.45262265,0.13763723,0.38356993,0.15316628,0.42068225,0.1924304,0.5048397,0.131764,0.4819851,0.06586726,0.15770224,0.46081835,0.19229005,0.49016973,0.19866058,0.45459458,0.21663877,0.53378713,0.2104799,0.43620875,0.15174049,0.34326446,-0.01946295,0.22400045,-0.11373012,0.17363104,-0.15316105,0.16557594,-0.09829221,0.2645171,-0.17256661,0.333352,-0.076671906,-0.19079798,0.28896892,0.33626387,0.5539109,0.35381076,0.63540006,0.35796157,0.60380197,0.28657797,0.49876946,0.10631453,0.36442244,-0.012932487,0.24639763,-0.040139236,0.26099703,0.10632029,0.40159255,0.008076326
44o,0.6539378,-0.13452537,0.013430543,0.8722825,-0.007972192,0.1553758,-0.051169172,0.11744164,1.0,-0.14021523,-0.007735107,0.039849594,0.19967814,-0.018001825,0.08362791,0.89597607,-0.25661275,-0.119030155,-0.1957719,-0.08072771,-0.03796649,0.15010059,-0.29470485,-0.11866548,0.6676045,-0.3482213,-0.22450161,-0.2604639,-0.09746924,-0.18362674,-0.040235378,-0.24627545,-0.03547676,-0.45340484,-0.3034625,0.5610521,-0.32658014,-0.19993785,-0.22267398,-0.05276145,-0.06589045,0.072871156,-0.26984563,-0.09888537,-0.30661675,-0.11366905,-0.33363587,-0.16656029,0.6004027,-0.29349348,-0.19023943,-0.21077418,-0.09126155,-0.059397712,0.021906532,-0.17519537,-0.04725381,-0.37735134,-0.28825694,-0.2063516,-0.073664844,-0.23287573,-0.10645223,0.5916749,-0.41218045,-0.32576638,-0.28794083,-0.1899246,-0.3222336,-0.18950449,-0.41988057,-0.27188772,-0.48185164,-0.392522,-0.37813938,-0.2719156,-0.30838984,-0.23366278,-0.32744604,-0.23441903,0.38134044,-0.3666248,-0.2617915,-0.2854035,-0.23047194,-0.22046822,-0.13007405,-0.39508283,-0.27555114,-0.42732275,-0.3815319,-0.34829986,-0.27959728,-0.22070396,-0.14942713,-0.39527932,-0.29872823,-0.48616087,-0.37836713,-0.40846574,-0.28251535,-0.3706208,-0.21822733,-0.32664523,-0.113512576,0.5616811,-0.41450614,-0.21374756,-0.4177087,-0.38316494,-0.3194736,-0.28000468,-0.2569337,-0.22863258,-0.38631082,-0.33689559,-0.47614747,-0.4012293,-0.39946342,-0.32942906,-0.33080298,-0.29022032,-0.30916566,-0.2785845,-0.3409845,-0.26304495,0.37842327,-0.36869305,-0.2742895,-0.3942192,-0.3549627,-0.3544066,-0.32303813,-0.26892465,-0.17281263,-0.14003158,-0.08785978,-0.29501933,-0.20422024,-0.38192222,-0.29007298,-0.2618178,-0.24244134,-0.21891049,-0.12998703,-0.26786584,-0.1044604,-0.34080327,-0.18817103,0.49813253,-0.2912316,-0.08239849,-0.36377823,-0.2934599,-0.28134605,-0.22070676,-0.16874819,-0.07864766,-0.27688032,-0.20372108,-0.4262585,-0.31598577,-0.3973775,-0.29897332,-0.21870215,-0.11079806,-0.3242616,-0.21099587,0.5501945
52o,0.2870987,0.9618972,0.66413194,0.099791124,0.9631363,0.643405,0.8867257,0.55704576,-0.14021523,1.0000001,0.70756173,0.82709044,0.48290864,0.77133775,0.38837278,-0.21929927,0.9642568,0.6518624,0.7968038,0.46436033,0.6955856,0.27745408,0.71759224,0.28766468,-0.31328425,0.8633168,0.56550175,0.65457445,0.28429145,0.62541336,0.23623973,0.50149447,0.14589529,0.46637127,0.13028024,-0.2921197,0.739552,0.43126234,0.5498452,0.14243881,0.44043466,0.1039529,0.45894665,0.11195402,0.27622077,-0.05945239,0.22630668,-0.099512644,-0.24754047,0.70334697,0.42904148,0.57974637,0.19850269,0.45543507,0.14015618,0.5115871,0.15176477,0.46858615,0.13914,0.2806703,-0.027487963,0.32670462,0.006821137,-0.2147897,0.6650656,0.27255887,0.49996474,0.13134593,0.41643646,0.10092472,0.3709465,-0.013161701,0.32918802,-0.012789069,0.33469814,0.02566228,0.38038382,0.08449632,0.4568813,0.09101751,-0.28014463,0.4208728,0.022014286,0.38462692,0.05295573,0.32000798,-0.05545767,0.41154516,0.022017758,0.7440197,0.41204506,0.5392432,0.109180585,0.52007157,0.13933708,0.5465378,0.1361877,0.4036906,0.014759902,0.27609986,-0.08799113,0.24849565,-0.14285439,0.3503679,-0.13164774,-0.30674982,0.3618731,-0.07099294,0.7387829,0.5128069,0.5794468,0.310809,0.4842723,0.23208769,0.45511514,0.16871083,0.4624232,0.14628828,0.41099104,0.102120176,0.4300569,0.14049068,0.48831356,0.21746026,0.43762565,0.09396281,-0.14969595,0.41866377,0.048035756,0.48483503,0.13181967,0.659671,0.31461564,0.48255914,0.09273873,0.38260207,0.025145493,0.40981153,-0.029688422,0.32435912,-0.096199796,0.18357679,-0.12501417,0.19757862,-0.10584631,0.31019992,-0.04989732,0.29154778,-0.084605396,-0.29386738,0.24417628,-0.13616663,0.7339705,0.49232972,0.61155367,0.2904656,0.5523623,0.23097779,0.578407,0.23972541,0.48542917,0.16476005,0.33407775,0.027007021,0.29732162,-0.017798835,0.4846032,0.093220584,-0.24574088
52s,0.23048006,0.6251085,0.95682544,0.08132146,0.5961612,0.96150094,0.512341,0.8610485,-0.007735107,0.70756173,1.0000001,0.44205233,0.8076371,0.4446407,0.7298678,-0.04484842,0.65539885,0.96025985,0.43248138,0.7496896,0.33397508,0.6766974,0.38746822,0.7049986,-0.1565445,0.549227,0.8513544,0.26093677,0.5906787,0.29006118,0.60377395,0.14611745,0.5614375,0.10247936,0.526382,-0.22419402,0.41888303,0.71073943,0.123322785,0.4522444,0.114826664,0.42079756,0.12055871,0.46717024,-0.09461239,0.29323488,-0.13218752,0.21823372,-0.16948791,0.4265313,0.65814984,0.1654074,0.45142177,0.17160496,0.3835544,0.23445114,0.44521335,0.15049851,0.40948316,-0.06851168,0.21141544,-0.030777281,0.21974264,-0.11638543,0.30586374,0.4986734,0.077323385,0.36532906,0.10336208,0.33424288,0.020499835,0.24113825,-0.06706466,0.17373884,-0.0738192,0.16278924,-0.03567467,0.22445934,0.06650264,0.3088616,-0.14425759,0.06683079,0.31929898,0.05897905,0.31320408,-0.05294044,0.23238507,0.038855042,0.29929543,0.44390267,0.6376911,0.17153537,0.37658992,0.21715735,0.43011144,0.26823854,0.4677289,0.10740049,0.30962598,-0.058394894,0.17482369,-0.13570543,0.15367113,-0.10184068,0.26362085,-0.1792643,-0.03675086,0.33444005,0.43258294,0.65534824,0.23467048,0.45884386,0.21926428,0.43869832,0.18716884,0.3592921,0.17039812,0.33505118,0.08829226,0.24408767,0.077075236,0.27908787,0.12458467,0.38071722,0.085640155,0.37399724,-0.08104195,0.087253824,0.33029807,0.12795313,0.38893563,0.32089016,0.5128331,0.086065695,0.30182827,0.08885461,0.25209397,0.14934774,0.24388328,0.0026399898,0.15779214,-0.1432984,0.071989834,-0.16117254,0.07630144,-0.07887945,0.2049357,-0.13848321,0.27738017,-0.19646077,-0.18701842,0.21103619,0.49521738,0.678385,0.28187126,0.5019587,0.3036628,0.499622,0.34691653,0.50278914,0.20857209,0.4196958,0.03547798,0.24774949,-0.037769426,0.19803616,0.13637269,0.34619156,-0.15686637
53o,0.24906552,0.8086618,0.42445794,0.2510312,0.8779144,0.43492022,0.9574818,0.5610786,0.039849594,0.82709044,0.44205233,1.0,0.54559636,0.92347074,0.4810473,-0.06888176,0.7729932,0.3736337,0.8934183,0.4771595,0.90052605,0.36368567,0.7371524,0.22630706,-0.19138014,0.6920613,0.31314358,0.81077176,0.35218918,0.78638566,0.3121705,0.5858328,0.098669186,0.43565336,-0.011560477,-0.1944501,0.55405337,0.13127309,0.689146,0.20846134,0.5548294,0.12772647,0.42581058,-0.03730576,0.2452406,-0.18359977,0.18960834,-0.22760575,-0.17024846,0.47884652,0.1388132,0.68122435,0.19428977,0.48787868,0.11084816,0.3994581,-0.03721713,0.32739758,-0.09531566,0.23571555,-0.12739064,0.22923392,-0.12592624,-0.14817688,0.56567216,0.17439017,0.6981045,0.28593862,0.5972142,0.21275747,0.47023213,0.03724747,0.37549317,-0.013123311,0.40130574,0.057242587,0.4390299,0.107341245,0.46978492,0.06537524,-0.19311975,0.4690621,-0.021190692,0.43758637,0.031654112,0.43022168,-0.016323097,0.4508023,0.022968188,0.568832,0.19087261,0.678468,0.19829,0.6294485,0.18667218,0.50888205,0.019169785,0.34369177,-0.08200572,0.25972956,-0.17145701,0.23876293,-0.24634176,0.37149662,-0.17233129,-0.19274986,0.36271444,-0.1768071,0.6413508,0.3572191,0.7488007,0.4537644,0.64638585,0.32887283,0.53655756,0.2031305,0.47311318,0.15547091,0.4383858,0.12243521,0.46890956,0.14535007,0.5286943,0.20055456,0.51163924,0.10641437,-0.032492664,0.48056865,0.050451145,0.53249365,0.10317905,0.54484165,0.15780866,0.66108054,0.23969766,0.52950484,0.13608433,0.4357344,-0.006321542,0.3354597,-0.11419267,0.23184995,-0.12337006,0.21467455,-0.12649728,0.29658478,-0.10162486,0.3071168,-0.14136957,-0.17234951,0.30158812,-0.14402148,0.51830846,0.23328514,0.6650783,0.28914344,0.5621103,0.19056845,0.47297314,0.09832139,0.36823165,-0.012924574,0.25689426,-0.1165603,0.2620907,-0.09094323,0.3964659,-0.03210084,-0.13621382
53s,0.14639448,0.40618688,0.79597336,0.20331292,0.44036502,0.85169935,0.500087,0.9474596,0.19967814,0.48290864,0.8076371,0.54559636,1.0,0.5265657,0.9108093,0.16631767,0.42265972,0.77693605,0.44691676,0.82441837,0.46116805,0.89140016,0.3367032,0.7711396,0.039624568,0.33411226,0.6877275,0.32476875,0.711015,0.36647215,0.74908733,0.16664648,0.639997,-0.0068373308,0.50803673,-0.071455285,0.1916634,0.50803953,0.16246538,0.57908136,0.16611783,0.52739006,0.017910406,0.43098807,-0.19438401,0.30686378,-0.2307063,0.21841367,-0.024095213,0.1991833,0.4901055,0.2037731,0.5456382,0.1695436,0.43007794,0.108164966,0.37608707,-0.033188716,0.2813258,-0.14105898,0.25179982,-0.15604654,0.22282253,0.032232456,0.096712016,0.44444093,0.14647898,0.5565283,0.18163826,0.47724605,-0.0016521923,0.32752708,-0.15369058,0.18538634,-0.14572254,0.19964904,-0.12402083,0.23426287,-0.0731272,0.28370744,-0.082065806,-0.028576255,0.30055517,-0.041537754,0.28434104,-0.1096084,0.28757578,-0.060213637,0.32768843,0.29205817,0.57049614,0.30237094,0.60431623,0.33378774,0.6287426,0.25171402,0.52482134,0.041771464,0.3638692,-0.08164174,0.23441994,-0.18735166,0.19667864,-0.12301027,0.41762662,0.009542912,-0.04481154,0.41985348,0.2840038,0.5721318,0.31741995,0.6348673,0.3280054,0.5962019,0.22012413,0.4571485,0.1080668,0.39959604,0.024186514,0.29195955,0.009342715,0.29148865,0.04893569,0.37901774,0.04275825,0.43232074,0.015000509,0.03669828,0.37537208,0.061778568,0.40427053,0.20032217,0.49682286,0.2145064,0.56485385,0.21797985,0.48152196,0.17648296,0.40109387,-0.009840801,0.27478826,-0.13415332,0.17880408,-0.2055711,0.16222471,-0.15524502,0.2764427,-0.20670849,0.34995827,-0.059192974,-0.19558364,0.36687297,0.30793127,0.54564375,0.32754952,0.61077875,0.30732846,0.5721464,0.27011335,0.498431,0.09417112,0.3776688,-0.04174064,0.24687122,-0.06856154,0.28882146,0.055188127,0.39009684,0.046644095
54o,0.08031825,0.7283064,0.39916754,0.09849439,0.7834263,0.40492147,0.91242105,0.5717698,-0.018001825,0.77133775,0.4446407,0.92347074,0.5265657,1.0,0.5941103,-0.065081164,0.6851258,0.33914375,0.8113509,0.4510814,0.9415048,0.46738702,0.83412737,0.36553386,-0.2093727,0.5870545,0.24996597,0.7113364,0.2931661,0.8640463,0.42082977,0.6487828,0.2045943,0.45939925,0.053461265,-0.17693394,0.47848904,0.099660344,0.6294849,0.21022148,0.6708297,0.29229772,0.5814083,0.17145602,0.2700683,-0.11591851,0.20320038,-0.17744805,-0.13288939,0.4302863,0.11238626,0.64427453,0.2152304,0.61982983,0.29617006,0.546932,0.14640027,0.38744622,0.029290572,0.23576185,-0.1025334,0.2922854,-0.05567427,-0.08413105,0.51039565,0.15085879,0.6485223,0.29683328,0.66469914,0.3243015,0.56319785,0.17940472,0.4028163,0.051767394,0.41648838,0.124963894,0.47474453,0.19783139,0.53839505,0.20482412,-0.18742566,0.51901424,0.08075796,0.4883813,0.1099304,0.46890268,0.06321831,0.5050791,0.11593859,0.46866643,0.13251136,0.578662,0.16203292,0.70260435,0.31797478,0.5951181,0.14820527,0.35703415,-0.031525157,0.24455076,-0.13001505,0.2885185,-0.12976561,0.40542898,-0.10622421,-0.17210354,0.40940773,-0.07992567,0.6089727,0.35934642,0.7360067,0.4840398,0.7527651,0.47845176,0.6488539,0.3556712,0.5240959,0.25016433,0.48532844,0.21082422,0.53699267,0.26559708,0.6065437,0.3414178,0.5708249,0.21538073,0.007896582,0.57249814,0.18506649,0.62341404,0.25518644,0.4785715,0.12042475,0.6083597,0.24493581,0.62490445,0.2715935,0.5493425,0.13751157,0.3783931,-0.024219014,0.2662189,-0.048878364,0.28914732,-0.018184692,0.39534473,0.03598643,0.39098293,-0.012630269,-0.13867274,0.3629014,-0.060129657,0.45614204,0.20394821,0.61219925,0.28990737,0.6727404,0.3582836,0.5798711,0.2516676,0.39369026,0.06845388,0.2635518,-0.043616507,0.264563,-0.0402823,0.43259546,0.07113131,-0.059366602
54s,-0.01117379,0.29643488,0.7073553,0.04536595,0.32523835,0.7393393,0.45173216,0.91347843,0.08362791,0.38837278,0.7298678,0.4810473,0.9108093,0.5941103,1.0,0.09077599,0.28743443,0.65339226,0.3698177,0.75423014,0.5060656,0.9221664,0.41034412,0.8525175,-0.029867427,0.20669273,0.5713831,0.256451,0.65447336,0.46403918,0.84291965,0.24709053,0.69699347,0.028071335,0.5311413,-0.095233396,0.10689962,0.4333451,0.14521573,0.5953922,0.29499054,0.67732614,0.17543356,0.5769196,-0.13432407,0.32883868,-0.17874062,0.24598344,-0.04881925,0.11931297,0.39849916,0.18888244,0.547687,0.29384863,0.58830655,0.2205023,0.49508268,0.017964978,0.35061476,-0.13740072,0.22275178,-0.11864345,0.23357335,0.0028129173,0.12889396,0.4901658,0.22463427,0.6490647,0.3579772,0.6544011,0.22089596,0.5476467,0.006747119,0.3536249,-0.002847273,0.3598547,0.029733859,0.41405022,0.09377357,0.46912968,-0.072286904,0.13609046,0.4644796,0.10582385,0.42648673,0.05983042,0.4353627,0.09950189,0.48083127,0.14792465,0.43928126,0.20982008,0.5496075,0.3827901,0.70002085,0.2978715,0.57634586,0.032568116,0.36090505,-0.098336466,0.24276164,-0.12657674,0.26054627,-0.094532125,0.4146967,-0.040653717,-0.028047718,0.45061103,0.27183932,0.56460696,0.37247697,0.71628207,0.47749507,0.7599763,0.37965715,0.63724655,0.2159405,0.5303118,0.14068304,0.44091594,0.15083997,0.46893987,0.18755257,0.54739845,0.19425671,0.5840791,0.057410773,0.20477395,0.552388,0.22679311,0.5810853,0.14653856,0.43844494,0.2248861,0.59220046,0.3510015,0.6227506,0.3122732,0.5495211,0.07802293,0.36675045,-0.035053976,0.2853067,-0.07311434,0.26655698,-0.031173684,0.37288734,-0.069513574,0.4704008,-0.04228866,-0.07747938,0.41846576,0.18499298,0.43912372,0.2514632,0.57041675,0.37840945,0.6693702,0.30809796,0.56751114,0.073819086,0.38194615,-0.063950524,0.2503269,-0.09813091,0.26212674,0.029182397,0.40346405,0.018183352
55o,0.5236506,-0.23011714,-0.037675895,0.6741358,-0.13880043,0.085706495,-0.1774385,0.042805064,0.89597607,-0.21929927,-0.04484842,-0.06888176,0.16631767,-0.065081164,0.09077599,1.0,-0.28027746,-0.09654574,-0.26061264,-0.090611815,-0.035486303,0.23222476,-0.17370738,0.05065685,0.88554704,-0.36644104,-0.21937346,-0.33397585,-0.13477771,-0.18355756,-0.0021059867,-0.113246344,0.13452105,-0.31770316,-0.086647555,0.76288,-0.3845768,-0.2249043,-0.34963536,-0.15572868,-0.10438456,0.050535314,-0.19358583,0.037933066,-0.20335898,0.071825586,-0.25907856,-0.0025601387,0.7319678,-0.3391943,-0.21161675,-0.33100078,-0.17802805,-0.11821878,-0.015838986,-0.10881828,0.038399294,-0.2837296,-0.13961692,-0.14149725,0.0697647,-0.1866202,0.012846231,0.72438264,-0.4909243,-0.35906914,-0.40762746,-0.23841321,-0.3299153,-0.13247474,-0.3562932,-0.13851319,-0.4078637,-0.25121802,-0.3277525,-0.15325071,-0.30318415,-0.14766498,-0.31850606,-0.14749518,0.46166608,-0.3232169,-0.1572926,-0.24269328,-0.116378605,-0.20309392,-0.0262395,-0.3503552,-0.16279922,-0.4524597,-0.3562336,-0.413457,-0.29191318,-0.25745335,-0.12198496,-0.29599333,-0.13177729,-0.38143232,-0.21592408,-0.32119703,-0.13244745,-0.32621682,-0.090050116,-0.260982,0.0070343018,0.7069079,-0.33871305,-0.07698099,-0.4374641,-0.3332396,-0.3605972,-0.27418584,-0.23021948,-0.1300728,-0.2582033,-0.13389137,-0.34088948,-0.18720691,-0.3014714,-0.1528506,-0.28439182,-0.16009232,-0.2590473,-0.13565576,-0.2503997,-0.10451731,0.5086803,-0.27162418,-0.12375293,-0.31909823,-0.18585873,-0.38773388,-0.28949708,-0.34322193,-0.17947632,-0.15566695,-0.030007765,-0.18956453,-0.03674368,-0.271041,-0.09620517,-0.19267513,-0.11039316,-0.17309144,-0.0025981814,-0.20654857,0.028796554,-0.26966047,-0.051505692,0.6230172,-0.22781059,0.050608106,-0.38367218,-0.2919371,-0.34968996,-0.2655571,-0.21185954,-0.08316986,-0.2067403,-0.09868561,-0.3261475,-0.168397,-0.31422657,-0.13138944,-0.16131568,0.013150573,-0.2679032,-0.083385244,0.703946
62o,0.20051944,0.93141776,0.6010011,-0.018046252,0.9034012,0.56298,0.82674634,0.46510488,-0.25661275,0.9642568,0.65539885,0.7729932,0.42265972,0.6851258,0.28743443,-0.28027746,1.0000001,0.67174226,0.82103235,0.48266894,0.66317976,0.24097495,0.74998534,0.28545675,-0.30052504,0.9454749,0.6275039,0.72453207,0.34079733,0.6295091,0.22955838,0.5695749,0.1857543,0.59709096,0.23724648,-0.28620815,0.7977354,0.4665244,0.5866622,0.1438806,0.40512174,0.028809413,0.4714518,0.10125442,0.36433926,0.022481553,0.30537325,-0.030719101,-0.29296347,0.72369206,0.44275463,0.576239,0.17342752,0.37353382,0.03536742,0.47140425,0.09103073,0.5221016,0.17769839,0.32319072,0.019000057,0.3279189,0.0027718511,-0.27106485,0.6602571,0.26378277,0.4614487,0.08835591,0.37382528,0.050503228,0.33754215,-0.05248449,0.34832755,0.0015746653,0.33109123,0.009315014,0.33994702,0.041765984,0.40453854,0.040380016,-0.29202643,0.39504367,0.0015836796,0.36389643,0.044409994,0.2759127,-0.07749519,0.38734087,0.00838894,0.7780194,0.44821495,0.56568116,0.117442176,0.4616657,0.07290687,0.54584634,0.13388549,0.46889228,0.07299939,0.3348076,-0.052944995,0.24462582,-0.1609488,0.3457554,-0.13925563,-0.35630625,0.38166267,-0.08086499,0.727054,0.50155747,0.540946,0.26492843,0.41265404,0.16561097,0.4238603,0.13936244,0.4800995,0.16100833,0.40305924,0.08540691,0.37671143,0.082071334,0.4246753,0.14978942,0.39716637,0.06368808,-0.1983459,0.3854343,0.010300906,0.42929608,0.0959567,0.65438795,0.32803538,0.4526628,0.054793507,0.29363292,-0.054046176,0.37100565,-0.06436153,0.33664563,-0.076843075,0.16784026,-0.13758577,0.14417225,-0.14866869,0.25536504,-0.09710348,0.25257188,-0.12431139,-0.35367867,0.20293789,-0.16060162,0.75993437,0.502793,0.61612153,0.27234393,0.47722366,0.13823931,0.55303,0.19808543,0.54403466,0.19634251,0.39143705,0.06736317,0.31249705,-0.009823237,0.4901895,0.07221269,-0.3018444
62s,0.13492471,0.5609713,0.8966981,-0.039911773,0.50985265,0.8934481,0.42405775,0.78149676,-0.119030155,0.6518624,0.96025985,0.3736337,0.77693605,0.33914375,0.65339226,-0.09654574,0.67174226,0.9999998,0.4492568,0.79643005,0.29392618,0.6760893,0.4040375,0.7352147,-0.13195252,0.6082142,0.9285,0.3177158,0.6767704,0.27526897,0.6228852,0.20229615,0.6353933,0.2098232,0.65293366,-0.23414452,0.44371054,0.7516851,0.12442539,0.4610628,0.040411968,0.3505413,0.097868524,0.46219155,-0.03931994,0.3850153,-0.094785966,0.2843761,-0.23395632,0.4109378,0.668484,0.11946364,0.42129242,0.045477785,0.26690817,0.15316269,0.3805435,0.16448332,0.4442246,-0.06590926,0.2509249,-0.08092536,0.19977634,-0.192578,0.2562879,0.48119462,-0.0013632744,0.3203451,0.025593223,0.2778742,-0.050882295,0.19477512,-0.09249145,0.17559223,-0.12723207,0.12345917,-0.13002943,0.1561197,-0.039079703,0.23464775,-0.18160182,-0.0004855818,0.294139,-0.013827062,0.28942683,-0.14173912,0.20206147,-0.030461904,0.27972627,0.47472435,0.70136374,0.19397917,0.41436568,0.14920634,0.38753578,0.26019523,0.49455464,0.16030023,0.3950222,-0.014377916,0.22771797,-0.16802922,0.15203978,-0.1273258,0.2892835,-0.22888103,-0.03468169,0.3591104,0.3977556,0.64772844,0.17566736,0.4175717,0.12431768,0.37525013,0.13492823,0.33369455,0.16355671,0.35406154,0.048446298,0.22322164,-0.014039587,0.21277657,0.027329437,0.3102025,0.024608977,0.35705045,-0.15239528,0.021132916,0.29448536,0.044738613,0.3618923,0.30747467,0.54976606,0.048811845,0.28985846,-0.011431076,0.19458652,0.1039505,0.2359668,0.00508009,0.2009848,-0.17502326,0.07336343,-0.23539007,0.04479681,-0.15268588,0.177334,-0.19039321,0.266975,-0.26139712,-0.2373916,0.22074798,0.5011005,0.6951054,0.26257953,0.48937836,0.19760327,0.4063852,0.29583168,0.46484324,0.2418492,0.4575584,0.062228564,0.28875443,-0.05982235,0.20631616,0.10753491,0.329203,-0.2283335
63o,0.075328216,0.73854625,0.34748042,0.038702123,0.7735756,0.33077395,0.8719875,0.45739678,-0.1957719,0.7968038,0.43248138,0.8934183,0.44691676,0.8113509,0.3698177,-0.26061264,0.82103235,0.4492568,0.9999999,0.629217,0.8687734,0.32289264,0.7844212,0.22976245,-0.3259359,0.7491361,0.38777745,0.91783077,0.5160271,0.79018337,0.35233924,0.6000267,0.110828504,0.5377728,0.07325659,-0.39708167,0.52132165,0.10649774,0.6676596,0.19988914,0.39460242,-0.022455942,0.37215418,-0.10498964,0.20006843,-0.22678626,0.109124385,-0.31542218,-0.43189743,0.3645052,0.03387826,0.55467695,0.0799252,0.24887338,-0.10038687,0.20277104,-0.22440605,0.2716373,-0.1282477,0.07588693,-0.2955611,0.05480683,-0.32003164,-0.4172439,0.47716308,0.09411353,0.55824876,0.16314904,0.4545581,0.08136527,0.34696025,-0.07959239,0.2954669,-0.08697905,0.2887308,-0.09180556,0.27831185,-0.06506061,0.3294929,-0.075903505,-0.32686377,0.36104733,-0.11390458,0.33393833,-0.03469202,0.28223282,-0.15459792,0.3364355,-0.086451724,0.5272723,0.1636996,0.6142858,0.15065132,0.4274586,0.012651302,0.38242698,-0.08226769,0.31162062,-0.106520936,0.17956552,-0.272739,0.10317443,-0.36261064,0.23505738,-0.30712697,-0.40240446,0.2676081,-0.25863022,0.56224006,0.28027058,0.6587562,0.36370578,0.46769762,0.1780706,0.40577096,0.09034692,0.41481933,0.095698014,0.33968318,0.012312964,0.32557464,0.01837685,0.41651946,0.09547833,0.39247534,-0.010778613,-0.23616883,0.3666296,-0.06607878,0.43026075,0.044892147,0.41227478,0.04326307,0.5217774,0.09748235,0.27461365,-0.08104277,0.23541956,-0.1717026,0.20610556,-0.2199498,0.06009665,-0.27731544,0.030849442,-0.29967022,0.15788691,-0.23911433,0.21144664,-0.24930678,-0.36832827,0.14625078,-0.31389976,0.44557026,0.16095793,0.5641196,0.19841838,0.35431868,0.0022505429,0.30616888,-0.052340508,0.31743115,-0.08493008,0.17183268,-0.21547276,0.0539694,-0.30211425,0.24819139,-0.196846,-0.40512177
63s,-0.027506396,0.3609765,0.6705192,-0.014448367,0.3585708,0.6748875,0.46814582,0.8107304,-0.08072771,0.46436033,0.7496896,0.4771595,0.82441837,0.4510814,0.75423014,-0.090611815,0.48266894,0.79643005,0.629217,1.0000001,0.47976026,0.7780732,0.41249013,0.68192637,-0.18255498,0.3973422,0.70331913,0.5122419,0.8980874,0.4242378,0.7770644,0.17389692,0.53962564,0.10624915,0.49844912,-0.35146916,0.13290338,0.37869984,0.20008737,0.55919385,0.0044221776,0.3040544,-0.057141915,0.24197713,-0.27044398,0.11621832,-0.33592638,0.0051125735,-0.37509772,0.025763057,0.26034847,0.09868981,0.3716271,-0.09851013,0.14430325,-0.15295045,0.05306836,-0.1361074,0.12379922,-0.3661601,-0.064316034,-0.38093966,-0.107537046,-0.329987,0.06672074,0.34954375,0.11128019,0.4561647,0.13271262,0.38113183,-0.040016457,0.2244251,-0.15677118,0.12423492,-0.17386395,0.06311124,-0.19917902,0.08826007,-0.115497455,0.17833146,-0.12484545,-0.01570794,0.24537024,0.0050084963,0.30468628,-0.11416158,0.1990928,-0.066428795,0.24691774,0.18816894,0.41450456,0.23593596,0.50289404,0.08458499,0.34786573,0.05732857,0.27705002,-0.034990165,0.21169966,-0.22470185,-0.009578802,-0.3659592,-0.07159977,-0.30555198,0.105264105,-0.23051271,-0.19180347,0.18003446,0.2148968,0.43988356,0.3042247,0.57248354,0.18678121,0.4346854,0.109905645,0.32088107,0.084690996,0.3165257,-0.033431374,0.17017172,-0.08185736,0.16922557,0.00049062073,0.27672738,0.0006575398,0.307779,-0.11638222,0.017193958,0.2759247,0.032796573,0.34797576,0.010051817,0.24877092,0.09547513,0.36685604,-0.06244721,0.17907861,-0.0833823,0.12628368,-0.19342925,0.046933413,-0.35098055,-0.0851582,-0.41865796,-0.122219175,-0.3147212,0.030211575,-0.27438852,0.16405359,-0.21724471,-0.3633108,0.05921027,0.17167443,0.35933635,0.2228538,0.4689004,0.066144526,0.29537776,0.029363777,0.22366346,-0.011460021,0.17688847,-0.18327063,0.0062762126,-0.34994572,-0.09556282,-0.16413885,0.05988665,-0.30331606
