,hand,22o,32o,32s,33o,42o,42s,43o,43s,44o,52o,52s,53o,53s,54o,54s,55o,62o,62s,63o,63s,64o,64s,65o,65s,66o,72o,72s,73o,73s,74o,74s,75o,75s,76o,76s,77o,82o,82s,83o,83s,84o,84s,85o,85s,86o,86s,87o,87s,88o,92o,92s,93o,93s,94o,94s,95o,95s,96o,96s,97o,97s,98o,98s,99o,A2o,A2s,A3o,A3s,A4o,A4s,A5o,A5s,A6o,A6s,A7o,A7s,A8o,A8s,A9o,A9s,AAo,AJo,AJs,AKo,AKs,AQo,AQs,ATo,ATs,J2o,J2s,J3o,J3s,J4o,J4s,J5o,J5s,J6o,J6s,J7o,J7s,J8o,J8s,J9o,J9s,JJo,JTo,JTs,K2o,K2s,K3o,K3s,K4o,K4s,K5o,K5s,K6o,K6s,K7o,K7s,K8o,K8s,K9o,K9s,KJo,KJs,KKo,KQo,KQs,KTo,KTs,Q2o,Q2s,Q3o,Q3s,Q4o,Q4s,Q5o,Q5s,Q6o,Q6s,Q7o,Q7s,Q8o,Q8s,Q9o,Q9s,QJo,QJs,QQo,QTo,QTs,T2o,T2s,T3o,T3s,T4o,T4s,T5o,T5s,T6o,T6s,T7o,T7s,T8o,T8s,T9o,T9s,TTo
0,22o,1.0,0.9068109,0.95336366,0.96979094,0.7533875,0.86765504,0.83712155,0.93221307,0.83015937,0.25210452,0.65122044,0.5150334,0.81352925,0.6306897,0.87055403,0.5798903,-0.48402533,-0.2411962,-0.13328882,0.3409287,0.09708974,0.57452714,0.28267947,0.5981581,0.3484375,-0.659137,-0.514515,-0.5982252,-0.4412913,-0.358944,0.0199721,-0.17521632,0.22926836,-0.011507422,0.41827184,0.09178576,-0.74380106,-0.67256737,-0.71234095,-0.6085896,-0.66175216,-0.5357456,-0.48357415,-0.23493971,-0.33295017,-0.026727915,-0.19004819,0.21126346,-0.078954995,-0.78921884,-0.7466819,-0.77205825,-0.71295035,-0.73873484,-0.67727226,-0.6880356,-0.60524297,-0.549588,-0.40255073,-0.42213705,-0.21942356,-0.30963552,-0.038342454,-0.15601936,-0.8858036,-0.8856752,-0.88568646,-0.8888781,-0.88363093,-0.8856082,-0.8829991,-0.88506824,-0.881992,-0.8822761,-0.880603,-0.8821229,-0.8783504,-0.8791379,-0.8749953,-0.8747585,-0.8295987,-0.86341023,-0.8659181,-0.85747594,-0.8564921,-0.857642,-0.8578177,-0.8688263,-0.8685152,-0.8262088,-0.8211761,-0.8190946,-0.81806934,-0.8037532,-0.8015668,-0.7820999,-0.7827472,-0.74725884,-0.7441022,-0.7029762,-0.67896956,-0.62315094,-0.5742037,-0.55241686,-0.455518,-0.23445943,-0.48139766,-0.38944787,-0.89374053,-0.8954378,-0.89193255,-0.8936081,-0.88947797,-0.89176136,-0.8867529,-0.889837,-0.88407385,-0.88684165,-0.88109,-0.8839262,-0.87776124,-0.8782095,-0.8742646,-0.8745328,-0.85982865,-0.85951924,-0.8287488,-0.85615486,-0.8547725,-0.86378264,-0.8641145,-0.88278395,-0.88457626,-0.87998956,-0.8830971,-0.8774717,-0.8782919,-0.8739387,-0.8755538,-0.86873484,-0.8719275,-0.8634089,-0.86701643,-0.85814995,-0.8631148,-0.8482484,-0.85194033,-0.82720965,-0.82504153,-0.79978395,-0.8368645,-0.84149957,-0.8068716,-0.79842573,-0.7947319,-0.7851596,-0.7745178,-0.7632892,-0.7398015,-0.7344108,-0.6975302,-0.6845444,-0.5878166,-0.5519375,-0.50103223,-0.42005223,-0.43167531,-0.26474547,-0.24850848
1,32o,0.9068109,0.99999994,0.96071666,0.8609919,0.93604857,0.9630615,0.95168805,0.93142956,0.7130505,0.5563829,0.85675997,0.71172637,0.8941775,0.7422223,0.8022938,0.45244542,-0.14948893,0.10862857,0.15508944,0.5791014,0.2952435,0.6662812,0.40707353,0.5934341,0.21285819,-0.36894584,-0.20525299,-0.31755495,-0.15018007,-0.1324202,0.22840475,-0.017977227,0.319506,0.096056476,0.3883719,0.068769395,-0.4854981,-0.40051857,-0.4651802,-0.33459508,-0.43288925,-0.2979639,-0.30478287,-0.048307817,-0.20636117,0.05899512,-0.10203132,0.1806253,-0.11276105,-0.54878926,-0.4941073,-0.54179955,-0.47580555,-0.5244255,-0.44354698,-0.49388796,-0.39847305,-0.4013528,-0.25774306,-0.31766412,-0.15370893,-0.23725736,-0.054552503,-0.20943311,-0.75835997,-0.7629206,-0.7616304,-0.76693,-0.76231444,-0.76670414,-0.76241416,-0.7688572,-0.76377046,-0.7653109,-0.7654323,-0.7698583,-0.76578003,-0.7691929,-0.76586646,-0.76910365,-0.7808163,-0.76365614,-0.76895,-0.7672482,-0.77228177,-0.7622268,-0.76750785,-0.76106995,-0.7654369,-0.59184116,-0.58152825,-0.5902734,-0.5847685,-0.584053,-0.58051,-0.5744423,-0.5688553,-0.55386955,-0.5384026,-0.5286722,-0.5078227,-0.48658776,-0.42250186,-0.43928522,-0.37421897,-0.29034972,-0.36976695,-0.31928012,-0.75930446,-0.76049024,-0.7595913,-0.76179343,-0.7602898,-0.76367915,-0.76026356,-0.7642819,-0.76069903,-0.76308376,-0.76053816,-0.7665069,-0.7598167,-0.7621341,-0.76108706,-0.7637853,-0.7540194,-0.75945044,-0.77425134,-0.7565469,-0.75960207,-0.75416225,-0.753815,-0.7380927,-0.7394894,-0.7394473,-0.740522,-0.7393682,-0.74066556,-0.73901725,-0.7416201,-0.73818105,-0.7407799,-0.73684007,-0.7399115,-0.73599786,-0.7411657,-0.73648244,-0.74084693,-0.71849555,-0.73175985,-0.74790365,-0.7244537,-0.7295305,-0.5593902,-0.5425135,-0.55337346,-0.53447044,-0.5439903,-0.5257298,-0.5236669,-0.51275283,-0.4998315,-0.47741923,-0.4262408,-0.37845635,-0.3720643,-0.3021955,-0.32710993,-0.21508744,-0.25880122
2,32s,0.95336366,0.96071666,1.0000001,0.9135094,0.8577026,0.96046233,0.89945024,0.97548395,0.7601451,0.42845953,0.7885013,0.6198653,0.89608175,0.6803998,0.8650702,0.4888064,-0.32931066,-0.053893484,0.022025205,0.49783933,0.19194672,0.6538824,0.33213058,0.63225156,0.25051093,-0.5242087,-0.35537377,-0.47222584,-0.2985346,-0.24667431,0.13284186,-0.107849866,0.3030461,0.027426168,0.4231277,0.038462196,-0.6226561,-0.5350822,-0.6014087,-0.47248992,-0.56445974,-0.4233871,-0.39987558,-0.13236263,-0.28379938,0.025117591,-0.16574779,0.20378962,-0.13033032,-0.67447597,-0.61967504,-0.66615707,-0.5941752,-0.6473094,-0.56592023,-0.60816,-0.5108484,-0.48456785,-0.32950148,-0.38671625,-0.18426155,-0.2941023,-0.041652184,-0.2229378,-0.8777372,-0.87982047,-0.87922144,-0.8831983,-0.8779045,-0.8830021,-0.8783448,-0.8836821,-0.8785219,-0.8800452,-0.8782311,-0.8826948,-0.8778339,-0.881057,-0.8772765,-0.8799009,-0.8804087,-0.8727644,-0.87867534,-0.87678564,-0.8790677,-0.8714304,-0.8750285,-0.87359947,-0.8773748,-0.7192988,-0.7126834,-0.71747035,-0.7135882,-0.7093658,-0.70849144,-0.69829017,-0.69428265,-0.674623,-0.66191417,-0.6428659,-0.61646014,-0.57563245,-0.5161111,-0.5210549,-0.43336096,-0.32181358,-0.4623045,-0.38326535,-0.8769652,-0.87859046,-0.87703836,-0.8795757,-0.87719977,-0.8802836,-0.87697375,-0.8801643,-0.8769908,-0.87909937,-0.8761249,-0.88113666,-0.8749783,-0.87701976,-0.87492335,-0.8774405,-0.8671904,-0.8712908,-0.8766015,-0.86843956,-0.8696509,-0.86755663,-0.8691221,-0.8560145,-0.85784686,-0.8567589,-0.858912,-0.85662603,-0.85734653,-0.8556345,-0.8586476,-0.85401255,-0.8566054,-0.85208845,-0.8548781,-0.84996426,-0.85464853,-0.8453533,-0.8530382,-0.8308379,-0.8372435,-0.84828806,-0.8369543,-0.84222573,-0.69548935,-0.68210685,-0.69073546,-0.67401075,-0.6792701,-0.66481674,-0.65618026,-0.6461367,-0.62699014,-0.60575134,-0.5297746,-0.48514318,-0.46228588,-0.373205,-0.41125503,-0.2519325,-0.30293518
3,33o,0.96979094,0.8609919,0.9135094,0.99999994,0.7271642,0.8320177,0.85129344,0.93833876,0.9232663,0.21236892,0.60749537,0.5762801,0.8458773,0.71693546,0.92178035,0.73468524,-0.4787605,-0.24265034,-0.08616893,0.39515057,0.22367536,0.6759878,0.4283704,0.7240188,0.5308688,-0.64233726,-0.5035221,-0.5434202,-0.3895488,-0.26048198,0.12503208,-0.01370991,0.39766085,0.16053265,0.58715165,0.2819744,-0.71976227,-0.65529805,-0.6572589,-0.5565972,-0.5785569,-0.43577522,-0.3582423,-0.09405802,-0.16404475,0.14539373,-0.013400663,0.3954748,0.122513585,-0.75936055,-0.72291607,-0.71984893,-0.6595725,-0.6633873,-0.60221845,-0.5836965,-0.49025986,-0.41629973,-0.24356166,-0.25447947,-0.034931995,-0.13096076,0.15257034,0.04597324,-0.8636938,-0.861015,-0.86034316,-0.85994166,-0.8563796,-0.8547402,-0.85250777,-0.85051763,-0.8488335,-0.84646684,-0.843121,-0.8417743,-0.8382697,-0.83570063,-0.83177674,-0.82629234,-0.75980026,-0.8117905,-0.809665,-0.805271,-0.8001091,-0.8093154,-0.80503327,-0.8216054,-0.8173167,-0.8012089,-0.8002164,-0.77800554,-0.7803133,-0.74561733,-0.74688023,-0.70653963,-0.70555526,-0.6539544,-0.64779556,-0.59215564,-0.55657864,-0.4889432,-0.4273122,-0.39453062,-0.2747146,-0.042170525,-0.31883374,-0.21389604,-0.8692724,-0.86998075,-0.86414796,-0.864741,-0.85842353,-0.85913056,-0.8524334,-0.8537784,-0.8468284,-0.8467638,-0.84025705,-0.83941305,-0.83340466,-0.83043516,-0.8258681,-0.822209,-0.79990196,-0.79519784,-0.75181043,-0.8085113,-0.8036926,-0.8114559,-0.8063286,-0.86226594,-0.8633295,-0.85531676,-0.85797584,-0.84837687,-0.84806436,-0.8402333,-0.84041715,-0.83000255,-0.8330867,-0.82059586,-0.82040524,-0.8100514,-0.81088847,-0.79418796,-0.7942345,-0.7596758,-0.7492719,-0.7195011,-0.7757101,-0.77321553,-0.7834055,-0.77905744,-0.75438434,-0.7423955,-0.71387786,-0.7041884,-0.65912366,-0.6533724,-0.5954415,-0.5765739,-0.46155584,-0.41206735,-0.34225866,-0.24465844,-0.26617223,-0.07411865,-0.058655437
4,42o,0.7533875,0.93604857,0.8577026,0.7271642,1.0000001,0.9473328,0.9442932,0.85523903,0.62065554,0.7622611,0.9410391,0.875646,0.9187035,0.8089571,0.73560536,0.42337254,0.15224946,0.3892351,0.4373785,0.7832219,0.5345635,0.7687261,0.54616004,0.61667585,0.21319167,-0.07326783,0.088712476,-0.012110293,0.14621425,0.15493429,0.4809138,0.23151502,0.480409,0.2686637,0.43427497,0.14061719,-0.19924924,-0.11372408,-0.17265622,-0.04039727,-0.14058642,-0.0076229237,-0.0312517,0.21767685,0.03622249,0.2574803,0.08556771,0.2706926,-0.01924062,-0.27078715,-0.21459809,-0.25864616,-0.19156009,-0.24232438,-0.15419856,-0.21544857,-0.118516095,-0.14182271,-0.006225761,-0.08136076,0.04643809,-0.049570672,0.07062116,-0.12669535,-0.5994115,-0.60657597,-0.59929484,-0.6058298,-0.5985723,-0.60479224,-0.5951117,-0.60464007,-0.5944311,-0.59792113,-0.5937133,-0.6006759,-0.5935758,-0.5991749,-0.5942932,-0.5996384,-0.6451957,-0.5971401,-0.6056123,-0.6104355,-0.61853397,-0.60144466,-0.61010796,-0.59093434,-0.60010916,-0.32436022,-0.32245252,-0.31936473,-0.320316,-0.30998048,-0.31657442,-0.30327988,-0.3034789,-0.2860299,-0.27500245,-0.26744708,-0.25783816,-0.24241231,-0.18213233,-0.20812497,-0.17216198,-0.21109107,-0.16700786,-0.15133968,-0.5771094,-0.580051,-0.5776354,-0.5820797,-0.5790518,-0.58408666,-0.57953066,-0.5852486,-0.58076507,-0.5841559,-0.58145356,-0.5899819,-0.58099157,-0.58573234,-0.5841284,-0.5890612,-0.5795974,-0.5906866,-0.6349037,-0.5937935,-0.5996143,-0.580077,-0.5814567,-0.5449139,-0.54837066,-0.54737467,-0.54983795,-0.547252,-0.5507026,-0.54691327,-0.5527846,-0.5474435,-0.5520343,-0.54693305,-0.5523866,-0.5469268,-0.5545547,-0.5519889,-0.5584891,-0.5382027,-0.55940443,-0.602854,-0.5391203,-0.54664314,-0.28773758,-0.2779404,-0.27766857,-0.26484793,-0.2666555,-0.25408542,-0.2485447,-0.24270204,-0.23104784,-0.21807998,-0.17310077,-0.12756681,-0.13312317,-0.0855765,-0.12691183,-0.050973587,-0.15360811
5,42s,0.86765504,0.9630615,0.96046233,0.8320177,0.9473328,1.0000001,0.9249338,0.9405228,0.6785433,0.5996935,0.8971854,0.7477342,0.94486535,0.7278341,0.80509406,0.4287312,-0.10473287,0.17506662,0.21285923,0.6561396,0.34732783,0.7308283,0.41167778,0.6218061,0.19303852,-0.31587163,-0.13564703,-0.2637316,-0.094731025,-0.07281544,0.29059488,0.0359476,0.3895964,0.111954175,0.41688395,0.05232077,-0.42865533,-0.3340158,-0.41005385,-0.2691911,-0.3807476,-0.2383751,-0.24614543,0.028305061,-0.15571967,0.12599851,-0.0823487,0.21604419,-0.10919232,-0.48939896,-0.42720655,-0.48356885,-0.4057894,-0.4727164,-0.37720966,-0.44255802,-0.33949354,-0.34735698,-0.19475752,-0.26876402,-0.09059908,-0.2161052,-0.014648881,-0.2151517,-0.793276,-0.7982992,-0.79357755,-0.7984367,-0.7925376,-0.7994935,-0.79087293,-0.7988652,-0.79056925,-0.7933719,-0.7897051,-0.7960973,-0.7900005,-0.7948445,-0.7910452,-0.7954899,-0.8271166,-0.79269993,-0.8002699,-0.80227983,-0.8076274,-0.79601574,-0.8026423,-0.7886919,-0.795684,-0.5410927,-0.5335462,-0.5404468,-0.53792924,-0.53394675,-0.53880745,-0.5304319,-0.5259389,-0.51335037,-0.49797785,-0.4908346,-0.47039148,-0.44843698,-0.38538706,-0.4052117,-0.33698037,-0.31231925,-0.36220548,-0.30922812,-0.7732307,-0.77539784,-0.7742762,-0.7779096,-0.7762068,-0.77996475,-0.7772641,-0.7815118,-0.7788778,-0.78074205,-0.7795977,-0.7865246,-0.77960694,-0.7834094,-0.7825679,-0.78635854,-0.77868533,-0.7860007,-0.81718016,-0.78975385,-0.7938734,-0.77864784,-0.780072,-0.7493222,-0.75109446,-0.75237185,-0.7539445,-0.75319314,-0.75498176,-0.7535075,-0.75852156,-0.7546165,-0.7577201,-0.7546286,-0.75820434,-0.7547639,-0.76038116,-0.7572672,-0.7663112,-0.74677044,-0.76108193,-0.7937158,-0.7478708,-0.7532362,-0.51066166,-0.49737367,-0.5077679,-0.48724523,-0.5000944,-0.4849951,-0.48386174,-0.47362968,-0.46386057,-0.44766635,-0.3905724,-0.34226316,-0.33628535,-0.2596015,-0.318861,-0.18804154,-0.2752494
6,43o,0.83712155,0.95168805,0.89945024,0.85129344,0.9442932,0.9249338,1.0000001,0.93442404,0.8093858,0.61861104,0.8520104,0.8651641,0.9500039,0.90939444,0.8737269,0.6403492,-0.019752556,0.21901056,0.34654886,0.7342785,0.55186564,0.84200823,0.6645437,0.7817829,0.44416803,-0.23219484,-0.08149822,-0.1305909,0.03621439,0.11609037,0.46847162,0.275512,0.5849384,0.3932794,0.62146384,0.3339046,-0.34705558,-0.27206677,-0.28654593,-0.15678209,-0.21770039,-0.06416565,-0.037364423,0.22938071,0.093225315,0.35266793,0.20393193,0.45331028,0.16535647,-0.40952748,-0.3623317,-0.37219515,-0.30550867,-0.32390937,-0.24217483,-0.2607034,-0.15251467,-0.13102351,0.034948383,-0.021283884,0.15055503,0.06794745,0.24063087,0.06396568,-0.6767023,-0.6796621,-0.6770474,-0.67960685,-0.6756191,-0.67664534,-0.6720632,-0.6752961,-0.67065513,-0.66978794,-0.6681275,-0.6697872,-0.6654589,-0.66570157,-0.66176826,-0.6600811,-0.66187966,-0.6516788,-0.65318084,-0.6598888,-0.66170514,-0.65659285,-0.6584196,-0.6533126,-0.6551744,-0.46422687,-0.46258026,-0.4418606,-0.44072902,-0.4144532,-0.4151062,-0.38341615,-0.37989137,-0.34131426,-0.32695964,-0.29687262,-0.26709914,-0.2281835,-0.149914,-0.16124284,-0.08396292,-0.039725035,-0.09293329,-0.03682448,-0.6755256,-0.6765349,-0.6719692,-0.6738444,-0.66890764,-0.67108655,-0.6650777,-0.6676138,-0.6619975,-0.6626235,-0.65794754,-0.66120803,-0.6530896,-0.6524055,-0.6500177,-0.6490753,-0.63115776,-0.6340533,-0.64849114,-0.6506509,-0.65045476,-0.63932437,-0.63456184,-0.64967144,-0.6519409,-0.6463614,-0.6480241,-0.6409552,-0.6418981,-0.635037,-0.63661546,-0.6286105,-0.6309919,-0.622185,-0.62310016,-0.6153433,-0.6177243,-0.60978013,-0.6099253,-0.5763406,-0.58452797,-0.608527,-0.59066737,-0.5881926,-0.43225336,-0.42333868,-0.40297443,-0.3876234,-0.36797655,-0.35275662,-0.32296064,-0.3123865,-0.27531502,-0.2509632,-0.17050833,-0.10995503,-0.09136163,-0.010447923,-0.036256664,0.0847595,0.0056176893
7,43s,0.93221307,0.93142956,0.97548395,0.93833876,0.85523903,0.9405228,0.93442404,1.0,0.8604008,0.43640307,0.76893145,0.71467686,0.94765097,0.79551935,0.9438776,0.64766186,-0.2918864,-0.028841987,0.115343325,0.5837909,0.3500531,0.7840048,0.50307924,0.78395087,0.44039816,-0.47807062,-0.31991735,-0.38932678,-0.2163138,-0.10808945,0.27824658,0.07732447,0.4910005,0.22418797,0.60851705,0.23385474,-0.571787,-0.49369308,-0.5204537,-0.39514476,-0.45598024,-0.298787,-0.2440634,0.03504684,-0.09377648,0.22667842,0.03534034,0.40940014,0.073651016,-0.62110174,-0.5742112,-0.59042084,-0.5188955,-0.54787403,-0.4694437,-0.48232228,-0.37581927,-0.32381845,-0.1474123,-0.19832397,0.02268271,-0.093327545,0.17195769,-0.019546028,-0.8564281,-0.8563473,-0.85527766,-0.856415,-0.85208905,-0.85382307,-0.8497368,-0.85186243,-0.8475066,-0.8469682,-0.84356225,-0.845293,-0.8406849,-0.8408978,-0.83694124,-0.8348412,-0.8181072,-0.82484704,-0.82718307,-0.8302823,-0.82883006,-0.8273301,-0.82709396,-0.8300219,-0.8307927,-0.67423993,-0.67554003,-0.6569398,-0.6573957,-0.63268656,-0.6352501,-0.6049538,-0.6033556,-0.56397974,-0.55367076,-0.515835,-0.4814981,-0.42294973,-0.35273087,-0.3496258,-0.24334787,-0.13401507,-0.28943828,-0.19601217,-0.8535944,-0.85522765,-0.85083836,-0.8529512,-0.84787923,-0.8498706,-0.8446925,-0.8466578,-0.8418834,-0.8427044,-0.83791405,-0.8404506,-0.83353597,-0.83276844,-0.82981896,-0.82899743,-0.8118723,-0.812451,-0.80891144,-0.8254347,-0.8230678,-0.8186743,-0.8162331,-0.8322576,-0.8350684,-0.8293374,-0.8319904,-0.82512915,-0.8256406,-0.8199626,-0.8220447,-0.8138158,-0.81650573,-0.8079129,-0.8091108,-0.8009879,-0.80321705,-0.7903954,-0.7945069,-0.76360637,-0.7628096,-0.7735591,-0.77647924,-0.77490914,-0.6520675,-0.6457749,-0.63035446,-0.6178662,-0.5992872,-0.588733,-0.5568951,-0.5477764,-0.5083291,-0.48553318,-0.38201395,-0.32626146,-0.2894983,-0.18456125,-0.22797589,-0.04552888,-0.110713966
8,44o,0.83015937,0.7130505,0.7601451,0.9232663,0.62065554,0.6785433,0.8093858,0.8604008,1.0,0.16593413,0.4648461,0.64679646,0.8076153,0.82530427,0.94775087,0.922705,-0.38981947,-0.21924938,0.045052066,0.44189352,0.43762097,0.790271,0.6573077,0.8859647,0.79334563,-0.5189053,-0.431549,-0.3707786,-0.24147424,-0.025327235,0.31491035,0.27532622,0.63363206,0.46438402,0.8205759,0.5867362,-0.57917637,-0.5465787,-0.47248632,-0.3971001,-0.35388312,-0.20806524,-0.079772316,0.16156524,0.15437537,0.4472749,0.31990728,0.68785495,0.45459718,-0.6101048,-0.59745514,-0.5364551,-0.48946196,-0.44239888,-0.40224153,-0.32741398,-0.23482034,-0.12003091,0.061962083,0.075113185,0.29884687,0.21564724,0.49122807,0.39455882,-0.7332337,-0.7270423,-0.72735476,-0.72201926,-0.72181433,-0.7128136,-0.71428126,-0.7058598,-0.7078399,-0.70145667,-0.6980752,-0.69042397,-0.68951285,-0.6809689,-0.67783666,-0.66412747,-0.56650925,-0.6465763,-0.6366581,-0.64190346,-0.6303817,-0.64968896,-0.63820624,-0.6631461,-0.6525024,-0.6623355,-0.6730985,-0.61545813,-0.62142426,-0.56000435,-0.5606463,-0.4942448,-0.496888,-0.41634524,-0.41701445,-0.33315274,-0.2855603,-0.1969977,-0.12290794,-0.07939401,0.061027527,0.29119268,-0.0048225224,0.120069146,-0.74456203,-0.74447787,-0.73503023,-0.73390466,-0.7244057,-0.72238827,-0.7136567,-0.7117188,-0.7033489,-0.7013848,-0.6919562,-0.6860325,-0.68023115,-0.67175263,-0.66668177,-0.65646213,-0.62599856,-0.61406195,-0.55329937,-0.65110236,-0.63963133,-0.64744,-0.6354667,-0.73634607,-0.7390079,-0.7236354,-0.7260708,-0.7101945,-0.7090784,-0.69585764,-0.6925017,-0.6786121,-0.6799256,-0.6628784,-0.6595577,-0.6450216,-0.640977,-0.6204735,-0.6105922,-0.56709546,-0.54367125,-0.5074307,-0.5949849,-0.57882196,-0.6501725,-0.65714335,-0.5942943,-0.5924679,-0.52477795,-0.5210311,-0.44186285,-0.43491656,-0.35097703,-0.3298462,-0.18281086,-0.116832,-0.033428155,0.08353705,0.06612229,0.27330732,0.27590394
9,52o,0.25210452,0.5563829,0.42845953,0.21236892,0.7622611,0.5996935,0.61861104,0.43640307,0.16593413,1.0,0.8430908,0.79276264,0.58069265,0.6143494,0.35591373,0.095739074,0.68785465,0.82718694,0.8532424,0.8786189,0.66389525,0.5800166,0.523775,0.36170825,0.0021552965,0.5173087,0.6434956,0.5408051,0.6669133,0.6141302,0.7239543,0.4524073,0.46698356,0.38054302,0.2481375,0.047132142,0.40784323,0.48732847,0.41082364,0.5246198,0.40752897,0.48205048,0.43021682,0.5392589,0.32079157,0.37461385,0.28586847,0.2124221,-0.03462693,0.33930022,0.3955794,0.3372808,0.39469877,0.32827926,0.40694988,0.30951625,0.3746702,0.32073092,0.34944117,0.23772669,0.23389995,0.1913329,0.13632642,-0.1311684,-0.0685622,-0.07978535,-0.06725705,-0.07903388,-0.06172479,-0.07647798,-0.057817902,-0.07475175,-0.055584464,-0.06387527,-0.05466706,-0.067981414,-0.05563297,-0.06748247,-0.06015752,-0.074052095,-0.20017062,-0.07720992,-0.09730983,-0.11041619,-0.12606668,-0.089791104,-0.10774571,-0.06516725,-0.08400626,0.29656237,0.2932119,0.29232463,0.28886676,0.28723788,0.2818999,0.27532497,0.26879463,0.26452512,0.26762497,0.2510523,0.23272063,0.2309089,0.23195466,0.17555784,0.12392302,-0.1855318,0.16858508,0.10395493,-0.01797112,-0.023484953,-0.02141026,-0.029165667,-0.026421111,-0.033295117,-0.030031197,-0.038476728,-0.03468519,-0.041569684,-0.03927808,-0.05443732,-0.043145094,-0.05422989,-0.05116905,-0.063938364,-0.0669153,-0.09040573,-0.19629398,-0.07985615,-0.09277342,-0.05480767,-0.06794231,0.033235468,0.02817348,0.027176574,0.022893805,0.023375258,0.019835897,0.019579597,0.010094602,0.0133580305,0.008333631,0.008938085,-0.0011767372,0.0031352006,-0.012884557,-0.009117961,-0.028813567,-0.021495864,-0.060910553,-0.16132313,-0.011633404,-0.033785358,0.3301367,0.33705682,0.32946014,0.3322493,0.32252795,0.3299728,0.31510752,0.31529483,0.29460227,0.2953469,0.30366382,0.29850763,0.23596399,0.20533639,0.18973756,0.13389114,-0.0848825
10,52s,0.65122044,0.85675997,0.7885013,0.60749537,0.9410391,0.8971854,0.8520104,0.76893145,0.4648461,0.8430908,1.0,0.81433356,0.82785857,0.7088881,0.63855034,0.27654833,0.2707305,0.5164595,0.5220272,0.8398021,0.4940335,0.68242633,0.4664143,0.50561184,0.070301734,0.060801726,0.24114762,0.09060692,0.26426095,0.21736383,0.5384524,0.20039696,0.41759604,0.20270352,0.31936696,-0.01679012,-0.057766378,0.04447195,-0.056652784,0.08555488,-0.051653374,0.06927124,0.021719763,0.27230537,0.018064575,0.2038348,0.041901533,0.1808945,-0.15223135,-0.12836899,-0.060020443,-0.13380408,-0.060188796,-0.14094125,-0.036265157,-0.14179254,-0.04977706,-0.09310642,0.03109989,-0.0915506,0.0044435067,-0.08423403,-0.005275567,-0.26063305,-0.53066856,-0.54056996,-0.5303831,-0.5405546,-0.5274605,-0.5389497,-0.52460396,-0.5387923,-0.5231453,-0.53003573,-0.522863,-0.5348278,-0.523994,-0.5344027,-0.528242,-0.5398742,-0.6322619,-0.54222465,-0.55615896,-0.5636156,-0.57555354,-0.5512298,-0.5659939,-0.531243,-0.5466042,-0.18071346,-0.1737061,-0.18887159,-0.18635274,-0.19206524,-0.19997212,-0.20240429,-0.20171024,-0.204216,-0.18838716,-0.20421037,-0.20621184,-0.20008996,-0.15063643,-0.20263378,-0.19766821,-0.3480718,-0.18652703,-0.1986705,-0.48628196,-0.49040017,-0.4897636,-0.49549899,-0.4945524,-0.5010646,-0.49816826,-0.5060604,-0.5024834,-0.5076622,-0.50700676,-0.51914024,-0.50993824,-0.51928186,-0.5167699,-0.5273133,-0.52730966,-0.54583764,-0.62349474,-0.5409899,-0.5518167,-0.5195834,-0.5259965,-0.45178124,-0.45349514,-0.45778015,-0.46136367,-0.4624143,-0.46512914,-0.46597764,-0.4740426,-0.47191218,-0.47698507,-0.47563374,-0.48315924,-0.48057356,-0.49278176,-0.49162376,-0.5052779,-0.4964462,-0.5283214,-0.6015167,-0.48903343,-0.50711894,-0.14662623,-0.1307978,-0.15168083,-0.1328414,-0.15705086,-0.14305346,-0.15910026,-0.15012045,-0.16348468,-0.1562276,-0.12821601,-0.09426543,-0.13526464,-0.116532266,-0.14900975,-0.1112047,-0.28005323
11,53o,0.5150334,0.71172637,0.6198653,0.5762801,0.875646,0.7477342,0.8651641,0.71467686,0.64679646,0.79276264,0.81433356,1.0000001,0.8647077,0.9382484,0.719085,0.62052184,0.38740253,0.55427,0.71413636,0.9308805,0.87055284,0.92598873,0.8557582,0.7927962,0.51038754,0.20546424,0.32329363,0.32756072,0.46019256,0.5554093,0.81177557,0.6655643,0.8155851,0.68383795,0.7102241,0.50569123,0.09844449,0.15794465,0.17782743,0.2897064,0.25518948,0.39424494,0.41777152,0.6383791,0.507482,0.6816754,0.54676795,0.63977945,0.3924185,0.03571198,0.07337359,0.08906403,0.14891797,0.14605343,0.22236046,0.21142906,0.3115793,0.32327926,0.46363416,0.40313262,0.51504016,0.43007338,0.50847167,0.29481328,-0.36049536,-0.36486936,-0.3551176,-0.35722178,-0.3505849,-0.35144302,-0.3411343,-0.34545997,-0.33570492,-0.33596027,-0.32831794,-0.3305969,-0.32360995,-0.32429364,-0.3189369,-0.31700346,-0.3482059,-0.31179154,-0.31465346,-0.33176708,-0.33458796,-0.3258467,-0.32917777,-0.3117421,-0.31688702,-0.030173294,-0.04194268,0.0033061355,-0.0042532682,0.041101255,0.030181326,0.07599282,0.071433604,0.11981976,0.12485022,0.16080521,0.17890772,0.21551044,0.28123683,0.26537126,0.3075542,0.19150713,0.29060254,0.30798405,-0.32929522,-0.33212015,-0.32472,-0.32839188,-0.32090008,-0.32351336,-0.3161206,-0.31934738,-0.31240815,-0.31356233,-0.30796131,-0.3121815,-0.3020145,-0.30234784,-0.29919696,-0.2986588,-0.2802631,-0.2870707,-0.32968134,-0.3186617,-0.31950873,-0.29138678,-0.28728607,-0.29300898,-0.29771504,-0.28902462,-0.29202753,-0.28157526,-0.2842554,-0.2738578,-0.27767107,-0.26701525,-0.27076432,-0.25963646,-0.26242346,-0.25164843,-0.25545794,-0.24842714,-0.24841939,-0.21754763,-0.22901699,-0.28247982,-0.22847645,-0.22490807,0.001005426,-0.0031391084,0.04270792,0.04657429,0.08761001,0.09379331,0.13670585,0.14181183,0.18228553,0.19328514,0.2725709,0.32728288,0.33497795,0.38474947,0.34484035,0.41649312,0.26255852
12,53s,0.81352925,0.8941775,0.89608175,0.8458773,0.9187035,0.94486535,0.9500039,0.94765097,0.8076153,0.58069265,0.82785857,0.8647077,1.0,0.8741105,0.8921057,0.650005,-0.056123324,0.19622725,0.3291278,0.74823517,0.56891584,0.903497,0.64865655,0.8249882,0.4659585,-0.24927326,-0.09242225,-0.1421189,0.013751466,0.12186354,0.47500113,0.30541307,0.65121275,0.39563784,0.6755418,0.3517708,-0.35269395,-0.27772343,-0.28899026,-0.15899901,-0.21845035,-0.058132105,-0.019306822,0.25982526,0.12539148,0.41658425,0.21100102,0.50848943,0.20736738,-0.40757817,-0.3597378,-0.36809856,-0.2935023,-0.321875,-0.2348689,-0.2516981,-0.13839336,-0.10975293,0.06692642,0.012996819,0.21528248,0.0804459,0.29682416,0.101483084,-0.7421691,-0.74374264,-0.7388579,-0.73890114,-0.7358059,-0.7374342,-0.7302894,-0.7329084,-0.7269504,-0.7262844,-0.72101295,-0.72268504,-0.7178579,-0.7175974,-0.714025,-0.7108055,-0.7110232,-0.7037039,-0.70519274,-0.713894,-0.7134175,-0.7121038,-0.7122687,-0.7063564,-0.70804286,-0.46946552,-0.4738561,-0.44506472,-0.44971785,-0.4139886,-0.42502183,-0.3859943,-0.38482848,-0.3427517,-0.33236918,-0.29564458,-0.2637757,-0.21768029,-0.14177373,-0.14471419,-0.0490998,-0.014320378,-0.09913132,-0.024384597,-0.7225965,-0.7245474,-0.71925247,-0.72214,-0.7164419,-0.7181356,-0.71295255,-0.71500564,-0.71022636,-0.7096407,-0.70606685,-0.708792,-0.70116234,-0.7002902,-0.69859457,-0.69664776,-0.67842287,-0.6791602,-0.69294596,-0.70748866,-0.70596653,-0.68886274,-0.68390024,-0.69942456,-0.7026492,-0.6968881,-0.69885737,-0.6912529,-0.6930179,-0.6851448,-0.68879986,-0.6794078,-0.6822317,-0.673369,-0.67425483,-0.66619205,-0.66735774,-0.6600559,-0.6631614,-0.630137,-0.6328077,-0.65919614,-0.64161354,-0.6350904,-0.44160935,-0.4406869,-0.41329363,-0.39995268,-0.37613016,-0.36758223,-0.33095738,-0.3235759,-0.281587,-0.26512578,-0.1686371,-0.10643336,-0.074583,0.025563516,-0.04323616,0.11974251,0.02662161
13,54o,0.6306897,0.7422223,0.6803998,0.71693546,0.8089571,0.7278341,0.90939444,0.79551935,0.82530427,0.6143494,0.7088881,0.9382484,0.8741105,1.0,0.8435093,0.808196,0.15535265,0.3290217,0.55580187,0.8206306,0.8115847,0.94889694,0.90977794,0.91273123,0.701275,-0.015288338,0.09332735,0.13863629,0.27817374,0.43923056,0.719224,0.62596345,0.8432902,0.7337393,0.8423963,0.64578104,-0.11148258,-0.05934169,-0.0054872036,0.1050445,0.10464452,0.26129508,0.33264422,0.5629091,0.48106492,0.6968468,0.5873525,0.75717103,0.51454276,-0.16496047,-0.1337899,-0.0913145,-0.031509697,-0.005970821,0.06283233,0.09097881,0.19997475,0.25588802,0.416699,0.38275945,0.53755355,0.47105086,0.60830814,0.42606643,-0.45801198,-0.45817825,-0.45419744,-0.4530133,-0.44950455,-0.4457817,-0.4411569,-0.43952194,-0.43600267,-0.4321122,-0.42803356,-0.42529655,-0.42130092,-0.41696668,-0.41268048,-0.40444544,-0.38830587,-0.39233896,-0.38920075,-0.40528768,-0.40249503,-0.40467077,-0.40189466,-0.40007144,-0.39781755,-0.22395569,-0.23293379,-0.17648128,-0.18030399,-0.12418191,-0.12534228,-0.06696195,-0.06691693,-0.00045867264,0.008743018,0.06513328,0.10360126,0.16115627,0.23978662,0.24137625,0.32373208,0.31462407,0.30165422,0.36095285,-0.45387435,-0.4545198,-0.44558358,-0.44636595,-0.43763837,-0.43747687,-0.4288718,-0.42907917,-0.42104462,-0.41982177,-0.41217107,-0.4113013,-0.4021847,-0.3973449,-0.3936441,-0.38748017,-0.36099136,-0.3597886,-0.3689427,-0.39928496,-0.39454603,-0.37837344,-0.36947608,-0.42523432,-0.4285306,-0.41586614,-0.41772708,-0.4036722,-0.40367803,-0.39106366,-0.39011076,-0.37759694,-0.37911445,-0.36463654,-0.36351973,-0.3505116,-0.34945956,-0.33651525,-0.330965,-0.28714985,-0.28577578,-0.31521374,-0.31072092,-0.2989837,-0.19718944,-0.19999652,-0.13920969,-0.13143113,-0.07425752,-0.06252287,-0.00077700615,0.009612575,0.07275691,0.09646182,0.20734906,0.27132264,0.3051082,0.38469,0.3661861,0.48127818,0.36938772
14,54s,0.87055403,0.8022938,0.8650702,0.92178035,0.73560536,0.80509406,0.8737269,0.9438776,0.94775087,0.35591373,0.63855034,0.719085,0.8921057,0.8435093,1.0000001,0.8192605,-0.29753086,-0.08306892,0.16084585,0.5814263,0.4507168,0.8340844,0.62610495,0.89086854,0.66327405,-0.4489196,-0.32378113,-0.32551572,-0.1597987,0.01748994,0.38539883,0.23657879,0.6293514,0.40292135,0.77470714,0.43881497,-0.5220977,-0.466429,-0.43918973,-0.3402909,-0.34545308,-0.1907237,-0.081422694,0.17867652,0.09463601,0.4093438,0.24510565,0.62379974,0.30445492,-0.5629661,-0.5346028,-0.50712883,-0.44412103,-0.43638837,-0.376537,-0.34456354,-0.24235283,-0.14404857,0.035929307,0.005676806,0.23435187,0.12801394,0.41127774,0.22413406,-0.7891094,-0.7853643,-0.7842767,-0.78264743,-0.7777216,-0.77515197,-0.77258307,-0.770258,-0.7668562,-0.763968,-0.75891554,-0.75657207,-0.7523564,-0.74879193,-0.7441433,-0.73687,-0.68317544,-0.7231129,-0.72130364,-0.7286744,-0.72210264,-0.7276056,-0.721716,-0.73555493,-0.73170584,-0.6251588,-0.63946277,-0.59190285,-0.59980863,-0.5498196,-0.5559181,-0.5031768,-0.5088276,-0.44300804,-0.44386727,-0.37626284,-0.33976102,-0.24958211,-0.1848017,-0.16247776,-0.040417016,0.099424906,-0.10917701,0.0064942315,-0.7887175,-0.7913588,-0.7827453,-0.78499347,-0.77587444,-0.77641463,-0.7689,-0.7697466,-0.7622809,-0.7629503,-0.75480354,-0.7543061,-0.7468448,-0.74298906,-0.7375324,-0.7331133,-0.71036714,-0.7064602,-0.6775409,-0.7288314,-0.7215485,-0.7230889,-0.7183208,-0.762415,-0.7667746,-0.7543266,-0.75922453,-0.7457524,-0.74611413,-0.7355891,-0.7367688,-0.7239308,-0.7263428,-0.7130333,-0.7136987,-0.70021605,-0.70189726,-0.6804127,-0.6794952,-0.64452523,-0.63249964,-0.62314624,-0.66462874,-0.6580521,-0.6111798,-0.616668,-0.5715439,-0.57311183,-0.5192893,-0.515965,-0.4555981,-0.4486507,-0.38572943,-0.3707682,-0.22400926,-0.1693965,-0.11217186,-0.0020926967,-0.027996391,0.17293136,0.107173376
15,55o,0.5798903,0.45244542,0.4888064,0.73468524,0.42337254,0.4287312,0.6403492,0.64766186,0.922705,0.095739074,0.27654833,0.62052184,0.650005,0.808196,0.8192605,1.0,-0.24912292,-0.15118843,0.17486219,0.44816422,0.5977463,0.7882748,0.79490715,0.9055079,0.9583653,-0.32657403,-0.2839272,-0.14104411,-0.056221455,0.21746364,0.47395563,0.5369935,0.7815928,0.7015487,0.92601,0.81822413,-0.36080855,-0.3542505,-0.22264704,-0.17564893,-0.0741241,0.057419486,0.2191681,0.4136288,0.46149144,0.6843446,0.60791135,0.8771044,0.73082083,-0.37825832,-0.38187295,-0.2772798,-0.2457683,-0.15768139,-0.13196786,-0.018552557,0.06388729,0.20276937,0.3691104,0.4053412,0.5932444,0.53413427,0.7516865,0.68438923,-0.47185433,-0.46323997,-0.46282458,-0.4545925,-0.45566747,-0.44317594,-0.4454242,-0.43312067,-0.43685335,-0.42824847,-0.42348078,-0.4131898,-0.41224033,-0.40057287,-0.39708212,-0.37867317,-0.26492044,-0.35716864,-0.3432635,-0.35387266,-0.3390413,-0.36543024,-0.35084918,-0.37835664,-0.3649725,-0.4208453,-0.4414261,-0.35464877,-0.3673773,-0.2792697,-0.2863566,-0.19571126,-0.20230857,-0.10106414,-0.105673894,-0.0033116639,0.0448597,0.14617923,0.2165057,0.27358466,0.4030977,0.59152824,0.3401426,0.45269793,-0.48519766,-0.48510545,-0.4716226,-0.46988922,-0.45701137,-0.4537325,-0.44240412,-0.43928972,-0.42824304,-0.42467195,-0.41314277,-0.40375555,-0.3971885,-0.38601732,-0.3793242,-0.36544067,-0.32701734,-0.31225318,-0.24639775,-0.36645088,-0.35207164,-0.3561508,-0.34057656,-0.4796049,-0.48273438,-0.46166444,-0.46521652,-0.4429832,-0.44214234,-0.42297328,-0.41885275,-0.4004265,-0.40188125,-0.37950492,-0.37510523,-0.35615554,-0.34896114,-0.32545492,-0.31108147,-0.25953698,-0.2300561,-0.19452652,-0.29326916,-0.27128312,-0.41426012,-0.43450037,-0.33673432,-0.34223533,-0.2446274,-0.24656886,-0.14186996,-0.14064464,-0.031902388,-0.018491723,0.14892155,0.20861709,0.308131,0.40685284,0.4045107,0.5836707,0.5835446
16,62o,-0.48402533,-0.14948893,-0.32931066,-0.4787605,0.15224946,-0.10473287,-0.019752556,-0.2918864,-0.38981947,0.68785465,0.2707305,0.38740253,-0.056123324,0.15535265,-0.29753086,-0.24912292,1.0,0.94480866,0.8708718,0.5529212,0.59461623,0.13828924,0.34510392,-0.082856424,-0.17209615,0.97257954,0.98021555,0.96189666,0.9625384,0.8425785,0.6838971,0.60947305,0.3017334,0.43121555,-0.028183833,0.059777953,0.9325755,0.9523987,0.9257704,0.9536,0.89474857,0.88277394,0.7778515,0.71029055,0.6051451,0.41717154,0.47783545,0.10227746,0.107701205,0.90229285,0.9222509,0.89632344,0.9112411,0.8747789,0.90181595,0.8293594,0.83270955,0.7302846,0.66378117,0.5922766,0.4344805,0.47533876,0.2118334,0.083676785,0.5898518,0.57879245,0.59166735,0.5842334,0.5944083,0.5856016,0.6007244,0.5893764,0.60325325,0.5972258,0.6043849,0.59659386,0.60297,0.59530514,0.59807765,0.58762485,0.45303118,0.57396066,0.5617315,0.5445596,0.5307757,0.5579658,0.543723,0.5894244,0.5747325,0.8787285,0.88035804,0.87531346,0.8774644,0.86559737,0.86529696,0.84682006,0.84741104,0.81936014,0.82245386,0.7804991,0.75150716,0.6972339,0.6708974,0.6130794,0.50000155,0.07840368,0.5546477,0.4281944,0.6453788,0.64366287,0.6418924,0.63851166,0.6368125,0.63459986,0.63303024,0.62899816,0.6280886,0.6257017,0.6227524,0.6137919,0.6182329,0.6107504,0.6097078,0.6009001,0.587434,0.56849635,0.45946786,0.5671843,0.5545498,0.5964472,0.5883053,0.6760757,0.6758405,0.66998774,0.67110735,0.6665654,0.6656967,0.6618672,0.65778303,0.65416324,0.6533984,0.647884,0.64381284,0.6405217,0.6319606,0.6207186,0.6117616,0.5999214,0.56609845,0.46637505,0.61284065,0.60042876,0.8954482,0.90138423,0.8928588,0.8960435,0.8788812,0.88479835,0.85471946,0.8584522,0.8132452,0.80879927,0.7341238,0.7165299,0.6324748,0.5426226,0.54614145,0.37279993,0.16813728
17,62s,-0.2411962,0.10862857,-0.053893484,-0.24265034,0.3892351,0.17506662,0.21901056,-0.028841987,-0.21924938,0.82718694,0.5164595,0.55427,0.19622725,0.3290217,-0.08306892,-0.15118843,0.94480866,1.0,0.8979245,0.7237191,0.6497066,0.31893685,0.42709994,0.07037662,-0.15054002,0.8647915,0.9482078,0.864254,0.92798764,0.78829914,0.7328691,0.5798809,0.3884927,0.42966008,0.07049034,0.028358616,0.79631877,0.86156785,0.79135436,0.8759113,0.7643476,0.80787337,0.6812667,0.6984625,0.52785724,0.41654626,0.42338312,0.14027564,0.03589776,0.75311875,0.804137,0.7455374,0.801137,0.7220502,0.791187,0.6830231,0.726832,0.60591966,0.58481765,0.48623624,0.38047338,0.38540834,0.18428856,-0.018117674,0.3488726,0.33611238,0.35022518,0.34134924,0.35379636,0.34097967,0.36050874,0.34676963,0.36319372,0.3565508,0.36493415,0.35487798,0.36312598,0.3538453,0.35718498,0.34443682,0.18950398,0.32964945,0.31387144,0.29628813,0.28005815,0.31196138,0.29488838,0.3471904,0.3303499,0.71390426,0.72780055,0.70853096,0.7178859,0.69852966,0.70296174,0.6781181,0.6895396,0.6525386,0.6710545,0.61846626,0.6033235,0.54408824,0.53297603,0.4687738,0.37776023,-0.064484894,0.4175115,0.30839106,0.412292,0.4115708,0.4081548,0.40486816,0.40176064,0.39997616,0.3972071,0.39299735,0.39110225,0.3904449,0.38522416,0.37534007,0.3802686,0.37209278,0.37029234,0.3603436,0.34565747,0.32361597,0.19750619,0.3238398,0.3083497,0.3556031,0.34564117,0.44999838,0.45273364,0.4424715,0.4453076,0.438231,0.43950078,0.43296695,0.42897904,0.4243324,0.424371,0.41710973,0.4147139,0.40921256,0.4005082,0.38793957,0.37360895,0.3655762,0.3271492,0.21005635,0.37937322,0.36384887,0.73713756,0.7563703,0.7317633,0.75441015,0.71688086,0.7382113,0.6944864,0.71029264,0.65658563,0.6660419,0.5928938,0.587846,0.5052488,0.43671292,0.4211667,0.2897564,0.03545092
18,63o,-0.13328882,0.15508944,0.022025205,-0.08616893,0.4373785,0.21285923,0.34654886,0.115343325,0.045052066,0.8532424,0.5220272,0.71413636,0.3291278,0.55580187,0.16084585,0.17486219,0.8708718,0.8979245,1.0,0.8360965,0.8527664,0.5485943,0.6873364,0.37509313,0.2144067,0.78585124,0.83864975,0.8529205,0.9185029,0.9342363,0.9080242,0.7959794,0.6583936,0.6981995,0.3885414,0.347673,0.7190832,0.7573103,0.7647593,0.83305943,0.79636663,0.8478048,0.83662033,0.8673703,0.73888075,0.6934507,0.68202233,0.4717216,0.33996826,0.6741686,0.7030894,0.70726866,0.7431495,0.73172385,0.7827633,0.7431618,0.7906789,0.7667358,0.7715728,0.6918261,0.6405511,0.6341167,0.5030687,0.27415937,0.28878108,0.28110126,0.29420966,0.28773147,0.30207023,0.2934335,0.3104156,0.30025128,0.3161604,0.3117553,0.3224283,0.31476116,0.3252486,0.3190714,0.32562873,0.31938,0.21404958,0.3180762,0.3051948,0.28264612,0.27291867,0.29793477,0.28633523,0.3239392,0.3105406,0.6344188,0.6202799,0.6554809,0.64710176,0.67431986,0.6660794,0.6868891,0.677741,0.69672585,0.6944488,0.6994956,0.6872058,0.696291,0.69331074,0.6516784,0.5943471,0.22237068,0.6244011,0.55102783,0.33922607,0.33498588,0.34080517,0.33500215,0.3409028,0.33725187,0.34223437,0.3374396,0.34235162,0.3387972,0.3427216,0.3335956,0.34395295,0.3379223,0.34186718,0.3352094,0.33895597,0.32142234,0.22463611,0.30654585,0.29883808,0.34070885,0.33333144,0.38518053,0.38026926,0.38559452,0.38179272,0.3886474,0.3865637,0.3917045,0.3855303,0.39246932,0.38909543,0.3942229,0.3882295,0.3957054,0.3855644,0.39112145,0.37905535,0.393081,0.36552,0.26426455,0.3937301,0.3835062,0.65616316,0.6497077,0.68271893,0.67721677,0.7044753,0.7046749,0.72163266,0.71941084,0.7235638,0.7210112,0.7442826,0.7388432,0.6916313,0.65024096,0.6464231,0.5625497,0.32561904
19,63s,0.3409287,0.5791014,0.49783933,0.39515057,0.7832219,0.6561396,0.7342785,0.5837909,0.44189352,0.8786189,0.8398021,0.9308805,0.74823517,0.8206306,0.5814263,0.44816422,0.5529212,0.7237191,0.8360965,1.0000001,0.85710555,0.8361073,0.7865266,0.67657685,0.35952455,0.39602003,0.53146815,0.49004382,0.6308927,0.669829,0.8926354,0.67809004,0.7796538,0.65083563,0.6014954,0.36994043,0.3012872,0.37548232,0.3570419,0.47655928,0.40649444,0.53412503,0.53094345,0.7384164,0.54104424,0.66132146,0.54332876,0.5661753,0.29657665,0.24310964,0.29258552,0.28033513,0.3491673,0.31243557,0.40559164,0.35161868,0.44880927,0.43416294,0.55617917,0.44877937,0.5217431,0.44257152,0.46621674,0.1957013,-0.23204595,-0.23870869,-0.2266305,-0.23154221,-0.22006431,-0.22676489,-0.21184346,-0.22068825,-0.20599775,-0.20926985,-0.19891454,-0.20631461,-0.19575587,-0.2009938,-0.19479647,-0.19877625,-0.28043813,-0.1984764,-0.20737696,-0.22906733,-0.23611824,-0.21795693,-0.2269049,-0.19395596,-0.20521948,0.17977667,0.16967884,0.20185518,0.19476718,0.22852355,0.21181515,0.2447303,0.24189964,0.2684556,0.27971342,0.28960901,0.29556945,0.32260382,0.37333757,0.33276442,0.3398495,0.08741478,0.32775688,0.3129772,-0.18156269,-0.18560791,-0.1798134,-0.18524733,-0.17945036,-0.18325323,-0.17791797,-0.18312378,-0.17752263,-0.17922506,-0.17672768,-0.18416554,-0.17415062,-0.17864993,-0.17498653,-0.17979601,-0.1704894,-0.18494174,-0.26433828,-0.20895806,-0.21495953,-0.17389844,-0.17498763,-0.1380362,-0.14107077,-0.13756308,-0.14173456,-0.13458623,-0.13683897,-0.13037941,-0.13740522,-0.12892847,-0.13304196,-0.12622775,-0.13018644,-0.12296434,-0.1303162,-0.12541637,-0.1336967,-0.11310577,-0.13577521,-0.22253123,-0.11570561,-0.121840104,0.20759472,0.20684591,0.23438612,0.24320218,0.2636205,0.27052706,0.29175273,0.2985062,0.3148651,0.3198849,0.3803531,0.41897196,0.39312434,0.41299266,0.37726265,0.40565732,0.17824468
